c solution = 1
p edge 100 188
e 1 32 1
e 1 47 1
e 1 50 1
e 2 6 1
e 2 48 1
e 2 80 1
e 2 81 1
e 3 54 1
e 3 76 1
e 3 79 1
e 3 95 1
e 4 17 1
e 4 58 1
e 4 91 1
e 4 95 1
e 5 39 1
e 5 45 1
e 5 83 1
e 6 48 1
e 6 81 1
e 7 43 1
e 7 63 1
e 7 72 1
e 7 89 1
e 8 12 1
e 8 23 1
e 8 36 1
e 8 62 1
e 9 11 1
e 9 19 1
e 9 38 1
e 10 18 1
e 10 22 1
e 10 60 1
e 10 84 1
e 11 19 1
e 11 38 1
e 11 57 1
e 12 23 1
e 12 25 1
e 12 30 1
e 13 14 1
e 13 52 1
e 13 62 1
e 13 77 1
e 14 52 1
e 14 63 1
e 14 77 1
e 15 42 1
e 15 46 1
e 15 61 1
e 15 67 1
e 16 20 1
e 16 24 1
e 16 34 1
e 16 70 1
e 17 51 1
e 17 58 1
e 17 67 1
e 17 91 1
e 18 22 1
e 18 84 1
e 19 38 1
e 20 25 1
e 20 59 1
e 20 69 1
e 21 24 1
e 21 33 1
e 21 34 1
e 22 84 1
e 23 30 1
e 23 36 1
e 24 34 1
e 25 30 1
e 25 59 1
e 25 89 1
e 26 74 1
e 26 78 1
e 26 90 1
e 27 69 1
e 27 73 1
e 27 76 1
e 28 37 1
e 28 44 1
e 28 55 1
e 28 75 1
e 29 35 1
e 29 39 1
e 29 93 1
e 29 100 1
e 31 35 1
e 31 36 1
e 31 71 1
e 31 93 1
e 31 97 1
e 32 47 1
e 32 50 1
e 33 34 1
e 33 49 1
e 33 68 1
e 34 49 1
e 35 93 1
e 35 97 1
e 36 71 1
e 37 44 1
e 37 55 1
e 37 63 1
e 37 75 1
e 37 87 1
e 38 57 1
e 39 83 1
e 39 93 1
e 39 100 1
e 40 70 1
e 40 72 1
e 40 89 1
e 41 64 1
e 41 68 1
e 42 46 1
e 42 67 1
e 43 63 1
e 43 89 1
e 44 55 1
e 44 75 1
e 45 53 1
e 45 57 1
e 45 82 1
e 46 60 1
e 46 61 1
e 47 50 1
e 47 97 1
e 48 80 1
e 49 64 1
e 49 68 1
e 50 83 1
e 51 91 1
e 51 95 1
e 52 65 1
e 52 77 1
e 52 87 1
e 53 57 1
e 53 82 1
e 53 85 1
e 54 76 1
e 54 79 1
e 55 75 1
e 56 58 1
e 56 86 1
e 56 92 1
e 57 82 1
e 57 85 1
e 58 86 1
e 58 91 1
e 58 92 1
e 60 61 1
e 60 80 1
e 60 84 1
e 62 98 1
e 63 87 1
e 64 68 1
e 65 75 1
e 65 77 1
e 66 73 1
e 66 88 1
e 66 94 1
e 66 96 1
e 69 73 1
e 69 96 1
e 70 72 1
e 70 89 1
e 71 97 1
e 71 98 1
e 72 89 1
e 73 76 1
e 73 96 1
e 74 90 1
e 78 90 1
e 79 99 1
e 81 90 1
e 85 100 1
e 86 92 1
e 86 99 1
e 88 94 1
e 88 96 1
e 88 99 1
e 91 95 1
e 93 100 1
e 94 99 1
