c solution = 4
p edge 100 480
e   1    25    1
e   1    38    1
e   1    40    1
e   1    47    1
e   1    51    1
e   1    67    1
e   1    68    1
e   1    72    1
e   1    74    1
e   1    86    1
e   1    88    1
e   2    9     1
e   2    14    1
e   2    15    1
e   2    27    1
e   2    41    1
e   2    48    1
e   2    49    1
e   2    72    1
e   2    75    1
e   2    84    1
e   2    95    1
e   2    99    1
e   2    100   1
e   3    11    1
e   3    18    1
e   3    22    1
e   3    23    1
e   3    25    1
e   3    43    1
e   3    47    1
e   3    74    1
e   4    25    1
e   4    32    1
e   4    44    1
e   4    66    1
e   4    81    1
e   4    89    1
e   4    96    1
e   4    97    1
e   4    100   1
e   5    14    1
e   5    16    1
e   5    21    1
e   5    22    1
e   5    25    1
e   5    40    1
e   5    54    1
e   5    56    1
e   5    74    1
e   5    77    1
e   5    87    1
e   5    90    1
e   5    91    1
e   6    14    1
e   6    17    1
e   6    44    1
e   6    50    1
e   6    52    1
e   6    71    1
e   6    82    1
e   6    88    1
e   6    95    1
e   7    14    1
e   7    16    1
e   7    30    1
e   7    71    1
e   7    79    1
e   7    94    1
e   7    98    1
e   8    12    1
e   8    13    1
e   8    21    1
e   8    24    1
e   8    46    1
e   8    52    1
e   8    69    1
e   8    82    1
e   8    100   1
e   9    20    1
e   9    30    1
e   9    57    1
e   9    63    1
e   9    67    1
e   9    73    1
e   9    90    1
e   9    91    1
e   10   12    1
e   10   20    1
e   10   21    1
e   10   25    1
e   10   27    1
e   10   34    1
e   10   38    1
e   10   43    1
e   10   49    1
e   10   62    1
e   10   64    1
e   10   92    1
e   11   21    1
e   11   29    1
e   11   39    1
e   11   53    1
e   11   60    1
e   11   66    1
e   11   69    1
e   11   84    1
e   12   13    1
e   12   17    1
e   12   20    1
e   12   43    1
e   12   51    1
e   12   65    1
e   12   84    1
e   12   86    1
e   12   100   1
e   13   22    1
e   13   33    1
e   13   41    1
e   13   42    1
e   13   48    1
e   13   52    1
e   13   72    1
e   13   81    1
e   13   83    1
e   13   94    1
e   14   27    1
e   14   32    1
e   14   48    1
e   14   60    1
e   14   70    1
e   14   90    1
e   15   16    1
e   15   22    1
e   15   37    1
e   15   42    1
e   15   47    1
e   15   69    1
e   15   79    1
e   16   34    1
e   16   53    1
e   16   54    1
e   17   19    1
e   17   22    1
e   17   24    1
e   17   28    1
e   17   33    1
e   17   38    1
e   17   52    1
e   17   61    1
e   17   67    1
e   17   83    1
e   17   91    1
e   17   92    1
e   17   98    1
e   18   29    1
e   18   43    1
e   18   47    1
e   18   62    1
e   18   73    1
e   19   24    1
e   19   43    1
e   19   48    1
e   19   69    1
e   19   89    1
e   19   91    1
e   19   92    1
e   20   29    1
e   20   36    1
e   20   47    1
e   20   48    1
e   20   64    1
e   20   78    1
e   20   88    1
e   20   97    1
e   21   23    1
e   21   25    1
e   21   26    1
e   21   29    1
e   21   33    1
e   21   35    1
e   21   36    1
e   21   45    1
e   21   49    1
e   21   50    1
e   21   60    1
e   21   61    1
e   21   67    1
e   21   70    1
e   21   76    1
e   21   87    1
e   21   95    1
e   22   39    1
e   22   47    1
e   22   60    1
e   22   66    1
e   22   93    1
e   22   94    1
e   22   99    1
e   23   24    1
e   23   34    1
e   23   43    1
e   23   57    1
e   23   70    1
e   23   72    1
e   23   80    1
e   23   85    1
e   23   93    1
e   24   53    1
e   24   54    1
e   24   87    1
e   24   90    1
e   24   91    1
e   25   33    1
e   25   36    1
e   25   45    1
e   25   46    1
e   25   48    1
e   25   63    1
e   25   85    1
e   25   98    1
e   25   100   1
e   26   31    1
e   26   75    1
e   26   81    1
e   27   45    1
e   27   47    1
e   27   54    1
e   27   63    1
e   27   73    1
e   27   80    1
e   27   88    1
e   27   91    1
e   28   29    1
e   28   33    1
e   28   43    1
e   28   53    1
e   28   66    1
e   28   70    1
e   28   73    1
e   28   78    1
e   28   79    1
e   29   55    1
e   29   58    1
e   29   71    1
e   29   85    1
e   29   99    1
e   29   100   1
e   30   33    1
e   30   49    1
e   30   73    1
e   30   91    1
e   30   96    1
e   31   42    1
e   31   52    1
e   31   54    1
e   31   68    1
e   31   70    1
e   31   76    1
e   31   82    1
e   31   87    1
e   31   90    1
e   32   41    1
e   32   46    1
e   32   47    1
e   32   66    1
e   32   69    1
e   32   85    1
e   33   34    1
e   33   48    1
e   33   63    1
e   33   66    1
e   33   83    1
e   33   87    1
e   33   91    1
e   33   96    1
e   34   42    1
e   34   48    1
e   34   52    1
e   34   56    1
e   34   88    1
e   34   89    1
e   34   90    1
e   34   92    1
e   34   96    1
e   34   99    1
e   35   39    1
e   35   40    1
e   35   43    1
e   35   48    1
e   35   75    1
e   35   82    1
e   35   87    1
e   35   97    1
e   36   38    1
e   36   49    1
e   36   50    1
e   36   58    1
e   36   66    1
e   36   71    1
e   36   75    1
e   36   76    1
e   36   78    1
e   36   86    1
e   36   94    1
e   37   59    1
e   37   74    1
e   37   88    1
e   37   95    1
e   38   40    1
e   38   55    1
e   38   57    1
e   38   60    1
e   38   64    1
e   38   76    1
e   38   88    1
e   38   96    1
e   39   48    1
e   39   83    1
e   39   84    1
e   40   46    1
e   40   48    1
e   40   72    1
e   40   75    1
e   40   78    1
e   40   99    1
e   41   46    1
e   41   62    1
e   41   68    1
e   42   69    1
e   42   74    1
e   42   90    1
e   42   91    1
e   43   45    1
e   43   54    1
e   43   55    1
e   43   70    1
e   43   80    1
e   43   88    1
e   43   89    1
e   44   48    1
e   44   50    1
e   44   56    1
e   44   62    1
e   44   65    1
e   44   77    1
e   44   79    1
e   44   85    1
e   44   88    1
e   44   90    1
e   44   91    1
e   44   96    1
e   45   65    1
e   45   71    1
e   45   88    1
e   45   89    1
e   45   95    1
e   46   60    1
e   47   52    1
e   47   68    1
e   47   75    1
e   47   78    1
e   47   92    1
e   47   96    1
e   48   64    1
e   48   78    1
e   48   97    1
e   48   99    1
e   49   51    1
e   49   53    1
e   49   65    1
e   49   69    1
e   49   72    1
e   49   85    1
e   50   57    1
e   50   58    1
e   50   73    1
e   50   85    1
e   50   87    1
e   51   57    1
e   51   59    1
e   51   82    1
e   51   86    1
e   51   90    1
e   52   55    1
e   52   62    1
e   52   65    1
e   52   78    1
e   52   90    1
e   53   63    1
e   53   74    1
e   53   79    1
e   54   62    1
e   54   84    1
e   54   86    1
e   55   58    1
e   55   64    1
e   55   100   1
e   56   59    1
e   56   63    1
e   56   99    1
e   57   84    1
e   57   90    1
e   57   93    1
e   57   100   1
e   58   72    1
e   58   74    1
e   58   83    1
e   58   89    1
e   58   93    1
e   59   72    1
e   59   79    1
e   59   93    1
e   59   94    1
e   59   100   1
e   60   78    1
e   61   94    1
e   61   96    1
e   62   99    1
e   63   70    1
e   63   80    1
e   63   84    1
e   63   90    1
e   63   93    1
e   64   71    1
e   64   93    1
e   65   89    1
e   66   81    1
e   66   83    1
e   66   84    1
e   66   99    1
e   67   72    1
e   67   84    1
e   68   69    1
e   68   75    1
e   68   77    1
e   68   86    1
e   68   92    1
e   70   84    1
e   70   85    1
e   71   78    1
e   71   90    1
e   72   84    1
e   72   94    1
e   73   74    1
e   73   75    1
e   73   76    1
e   73   85    1
e   74   78    1
e   74   85    1
e   74   91    1
e   74   96    1
e   75   84    1
e   75   87    1
e   75   100   1
e   76   85    1
e   77   91    1
e   78   80    1
e   78   87    1
e   78   95    1
e   79   96    1
e   81   89    1
e   81   97    1
e   82   91    1
e   82   96    1
e   82   97    1
e   83   98    1
e   83   99    1
e   84   87    1
e   84   93    1
e   85   89    1
e   85   97    1
e   87   91    1
e   88   92    1
e   88   94    1
e   88   95    1
e   89   93    1
e   89   100   1
e   94   96    1
e   95   100   1
