c solution = 2
p edge 20 75
e   1    6    1
e   1    13   1
e   2    3    1
e   2    4    1
e   2    5    1
e   2    7    1
e   2    12   1
e   2    13   1
e   2    14   1
e   2    15   1
e   2    16   1
e   2    18   1
e   2    19   1
e   3    6    1
e   3    7    1
e   3    8    1
e   3    10   1
e   3    12   1
e   3    13   1
e   3    14   1
e   3    17   1
e   4    7    1
e   4    10   1
e   4    11   1
e   4    13   1
e   4    14   1
e   4    15   1
e   4    20   1
e   5    6    1
e   5    7    1
e   5    10   1
e   5    12   1
e   5    13   1
e   5    14   1
e   5    17   1
e   6    11   1
e   6    13   1
e   6    16   1
e   6    18   1
e   6    20   1
e   7    10   1
e   7    14   1
e   7    15   1
e   7    19   1
e   7    20   1
e   8    16   1
e   9    10   1
e   9    12   1
e   9    15   1
e   9    20   1
e   10   11   1
e   10   12   1
e   10   13   1
e   10   14   1
e   10   15   1
e   10   17   1
e   11   13   1
e   11   14   1
e   11   17   1
e   11   18   1
e   11   19   1
e   11   20   1
e   12   14   1
e   12   15   1
e   12   16   1
e   12   17   1
e   13   16   1
e   13   20   1
e   14   15   1
e   14   18   1
e   15   19   1
e   16   17   1
e   16   18   1
e   17   20   1
e   18   20   1
