c solution=0
p cnf 100 250
17 -77 0
100 -49 0
64 10 0
-47 61 0
-100 -31 0
6 22 0
-55 51 0
37 -80 0
1 -13 0
68 -72 0
61 -39 0
71 86 0
72 -76 0
16 -70 0
-48 -89 0
-44 -23 0
-81 18 0
82 -54 0
26 51 0
72 -27 0
-58 22 0
89 -70 0
-47 -17 0
22 49 0
91 96 0
-93 -97 0
84 62 0
-22 14 0
13 55 0
-86 -12 0
61 -90 0
16 -52 0
84 56 0
-11 42 0
-5 -58 0
-42 48 0
93 1 0
-3 46 0
-7 -28 0
6 88 0
82 59 0
82 39 0
-48 79 0
32 -34 0
-3 22 0
72 -63 0
-3 -2 0
-32 24 0
31 -50 0
99 41 0
78 -47 0
79 -60 0
-5 -95 0
-35 -39 0
-97 -79 0
-66 -36 0
-99 21 0
71 -32 0
60 91 0
-40 90 0
41 -32 0
-69 33 0
95 -59 0
-78 43 0
-72 -26 0
16 60 0
6 -17 0
-46 90 0
-59 86 0
-76 14 0
-27 13 0
89 -43 0
-3 25 0
70 2 0
84 45 0
-36 -7 0
32 82 0
-9 67 0
-20 33 0
28 88 0
92 -79 0
65 -85 0
64 -17 0
-65 26 0
-48 -13 0
-59 9 0
54 -34 0
-96 7 0
32 -6 0
65 -61 0
3 -42 0
76 -45 0
43 -66 0
16 -29 0
-4 -25 0
52 -59 0
72 -58 0
39 94 0
63 1 0
-55 -4 0
34 39 0
-39 35 0
-14 -99 0
13 71 0
-12 53 0
41 -100 0
65 37 0
58 6 0
26 -100 0
-16 -97 0
-7 -63 0
-1 21 0
94 -55 0
-66 38 0
95 -27 0
-91 -29 0
-81 -29 0
38 47 0
64 -74 0
73 -29 0
99 -39 0
-99 95 0
3 -87 0
56 79 0
-48 97 0
-5 53 0
-58 -73 0
-36 90 0
21 25 0
96 76 0
-52 -58 0
31 -88 0
-85 -12 0
73 -69 0
-7 94 0
32 -75 0
-86 -92 0
27 -60 0
-91 -99 0
-90 -92 0
-89 -14 0
46 28 0
-36 -59 0
-91 -74 0
-70 51 0
80 64 0
-8 42 0
-96 49 0
-65 23 0
82 81 0
80 43 0
-54 56 0
-78 49 0
-85 82 0
15 69 0
-17 -96 0
-43 -10 0
-75 40 0
-16 40 0
74 -22 0
-1 19 0
3 -30 0
57 38 0
-30 -47 0
64 48 0
-54 99 0
56 9 0
50 -48 0
-64 -95 0
-87 -89 0
71 100 0
51 -79 0
-79 93 0
-80 -42 0
-28 -66 0
76 6 0
14 64 0
76 -70 0
-49 86 0
31 85 0
49 65 0
2 71 0
93 63 0
-24 -34 0
-24 -53 0
13 -37 0
-57 24 0
-54 -8 0
-97 -69 0
-19 -81 0
46 68 0
34 68 0
30 -2 0
-3 -33 0
-65 8 0
24 -63 0
-27 84 0
35 27 0
15 14 0
-45 -56 0
-92 -60 0
-97 -62 0
-94 -20 0
45 -70 0
80 62 0
87 -50 0
57 -41 0
-45 8 0
-18 74 0
93 64 0
88 -36 0
-59 15 0
-62 -37 0
66 -42 0
87 8 0
-80 59 0
-58 49 0
-2 80 0
21 27 0
-18 -99 0
-70 41 0
-75 84 0
46 7 0
-60 74 0
11 47 0
77 -79 0
72 48 0
99 43 0
-50 -34 0
-7 -23 0
69 -47 0
30 41 0
19 -72 0
-31 -23 0
-98 92 0
-50 43 0
53 -88 0
-40 -30 0
-44 53 0
-23 -76 0
30 47 0
-85 3 0
-5 -36 0
-57 -82 0
-8 -86 0
-5 -68 0
-61 12 0
51 -21 0
4 -81 0
-97 -96 0
