c solution=0
p cnf 100 400
71 -18 0
-98 87 0
51 -26 0
100 89 0
-34 -10 0
-16 83 0
-67 26 0
100 32 0
29 98 0
98 -2 0
16 -1 0
86 -56 0
10 -93 0
73 16 0
-71 4 0
-4 15 0
22 -85 0
60 -8 0
-100 94 0
-65 -55 0
-11 -89 0
-17 33 0
36 -92 0
-50 -85 0
4 75 0
-44 -34 0
-91 -62 0
-33 95 0
55 86 0
-78 99 0
72 10 0
-38 -58 0
-52 20 0
33 15 0
41 63 0
-54 -41 0
-35 42 0
-32 73 0
-50 22 0
39 50 0
79 25 0
-23 -63 0
-99 -55 0
8 71 0
-66 -50 0
100 91 0
40 -89 0
78 -7 0
71 -33 0
1 25 0
19 79 0
-92 97 0
-84 -51 0
24 29 0
-24 64 0
41 -36 0
-88 -19 0
29 -93 0
-12 -4 0
-31 -4 0
14 -41 0
-16 14 0
-57 75 0
-33 21 0
-62 -43 0
-73 -32 0
-64 61 0
80 19 0
-1 73 0
-69 -13 0
-24 -25 0
13 98 0
71 -51 0
2 -43 0
21 -99 0
-1 13 0
72 88 0
-62 -28 0
-2 -80 0
-7 -9 0
-34 21 0
48 -33 0
6 -30 0
15 -53 0
-47 -16 0
-53 -99 0
-68 84 0
66 -100 0
-54 21 0
-95 2 0
-18 55 0
-79 45 0
-4 47 0
-21 42 0
-48 -55 0
45 77 0
3 -62 0
15 75 0
13 7 0
-83 -85 0
69 -42 0
-84 33 0
-20 82 0
-86 37 0
82 -65 0
-78 -63 0
54 62 0
92 99 0
85 -59 0
-21 23 0
91 -94 0
-10 -88 0
11 42 0
-63 56 0
9 35 0
-89 59 0
44 -18 0
64 -93 0
-90 46 0
-62 42 0
-86 65 0
86 3 0
-73 83 0
14 33 0
25 43 0
-45 -80 0
98 96 0
-22 -45 0
-5 -55 0
-51 24 0
49 45 0
84 -73 0
38 63 0
76 -90 0
-36 1 0
-77 -51 0
80 -90 0
95 -92 0
75 -5 0
42 -92 0
25 67 0
-3 59 0
-18 -37 0
-22 -7 0
-47 -53 0
89 -48 0
-49 -79 0
-32 -10 0
-64 4 0
-66 -97 0
-66 -22 0
-52 24 0
-96 69 0
-31 78 0
-98 27 0
-67 -63 0
83 -80 0
-49 81 0
55 -79 0
75 87 0
-16 -85 0
-31 5 0
87 89 0
-50 -39 0
-79 -22 0
-86 -47 0
57 -39 0
44 62 0
-49 65 0
95 -51 0
80 98 0
-94 51 0
31 -36 0
91 -55 0
-29 47 0
-55 -68 0
65 -7 0
-37 -27 0
-5 -54 0
-49 -90 0
-58 12 0
97 -90 0
-36 19 0
-63 -66 0
98 97 0
-21 -40 0
50 19 0
17 -73 0
-93 -90 0
-71 42 0
-95 37 0
-66 49 0
40 -39 0
-69 90 0
84 -16 0
91 -18 0
35 -44 0
-32 -79 0
-51 -76 0
-74 37 0
-83 -93 0
91 -83 0
79 30 0
-82 -12 0
-5 9 0
-54 95 0
-34 -83 0
72 -24 0
81 41 0
67 -84 0
100 86 0
96 91 0
41 -48 0
72 63 0
-17 67 0
-4 77 0
-93 61 0
42 -22 0
-13 27 0
-36 94 0
3 27 0
44 62 0
-46 -61 0
-28 9 0
-95 -51 0
-31 72 0
28 42 0
53 4 0
-28 -71 0
18 -100 0
-88 9 0
46 39 0
-68 -15 0
40 -60 0
83 -51 0
-72 3 0
-82 -66 0
-57 -22 0
-81 -7 0
3 26 0
100 -89 0
-54 -96 0
53 -3 0
-97 7 0
-69 -14 0
-7 50 0
10 -78 0
76 36 0
-28 58 0
53 -11 0
49 87 0
1 17 0
-11 -96 0
-50 43 0
-57 -70 0
-61 99 0
45 20 0
24 21 0
-3 -48 0
83 81 0
79 89 0
12 26 0
-71 -5 0
-64 56 0
-11 46 0
31 42 0
14 81 0
27 -80 0
-4 7 0
86 -27 0
73 -9 0
-78 3 0
-49 85 0
17 -82 0
16 46 0
-67 -10 0
51 14 0
1 -79 0
-82 40 0
20 21 0
-79 -90 0
13 96 0
-89 -37 0
81 43 0
-1 8 0
81 -44 0
-29 -94 0
69 -57 0
99 -35 0
21 98 0
-31 23 0
-42 85 0
-75 -29 0
-42 34 0
39 26 0
43 -82 0
-83 95 0
66 -25 0
-76 23 0
34 -25 0
56 -42 0
-30 -81 0
17 -15 0
-70 59 0
12 -3 0
64 -50 0
-54 -30 0
-34 -29 0
47 67 0
69 13 0
61 -100 0
54 2 0
-84 86 0
-65 -61 0
90 21 0
-85 -17 0
-58 -31 0
7 3 0
-1 75 0
-15 45 0
-56 1 0
-10 -4 0
95 26 0
-97 -61 0
87 61 0
-3 -39 0
24 54 0
94 -5 0
4 83 0
-13 -22 0
81 -63 0
-97 -68 0
-63 -47 0
79 -95 0
24 -17 0
-25 60 0
-58 -44 0
88 -61 0
19 88 0
-99 -87 0
-89 75 0
-34 -61 0
-93 -11 0
3 -80 0
24 -100 0
-56 -84 0
21 -57 0
-42 37 0
94 95 0
-96 58 0
-22 21 0
59 95 0
-50 89 0
-91 73 0
41 74 0
-64 -45 0
-54 4 0
-22 -24 0
41 -25 0
2 -57 0
46 -93 0
-88 60 0
-64 -4 0
-33 14 0
-61 7 0
68 -79 0
7 13 0
94 -29 0
72 -22 0
-10 -30 0
86 10 0
-46 37 0
29 -83 0
-63 43 0
31 23 0
-5 -72 0
67 17 0
15 10 0
87 70 0
-49 -78 0
27 -11 0
39 -89 0
79 74 0
-96 74 0
79 68 0
32 -94 0
-21 98 0
-20 52 0
-5 15 0
-12 -35 0
15 9 0
-70 94 0
44 -100 0
-32 -29 0
-54 65 0
-98 72 0
4 88 0
67 45 0
-58 -72 0
-16 -49 0
