c solution=1
p cnf 100 150
-100 -82 0
95 58 0
63 67 0
75 58 0
5 48 0
-96 -4 0
-34 -13 0
-80 44 0
-48 -20 0
100 59 0
-62 90 0
11 -10 0
59 -51 0
-27 33 0
-69 43 0
-48 65 0
89 -69 0
-44 70 0
61 47 0
-94 66 0
9 -58 0
-25 -75 0
-27 -59 0
11 67 0
-97 -50 0
-40 82 0
16 63 0
81 -62 0
19 86 0
-31 -55 0
91 -8 0
-62 -73 0
-35 -23 0
-55 94 0
2 11 0
-12 -60 0
61 64 0
-34 -85 0
82 25 0
-79 -82 0
-48 63 0
85 43 0
-17 -97 0
-37 76 0
-2 -1 0
29 45 0
-4 -5 0
-68 32 0
25 -89 0
-70 2 0
4 32 0
-86 -88 0
70 52 0
-75 -90 0
97 4 0
-17 -99 0
-2 56 0
64 87 0
20 -75 0
49 -57 0
96 59 0
-44 52 0
-24 -45 0
97 -78 0
40 5 0
-46 -40 0
-90 78 0
76 -66 0
-89 61 0
-28 61 0
85 64 0
-13 -79 0
2 16 0
69 15 0
-51 58 0
-68 -44 0
-2 -1 0
-32 72 0
99 -41 0
23 -89 0
-43 8 0
37 63 0
32 50 0
38 99 0
56 88 0
-49 1 0
53 -73 0
-83 58 0
-59 -79 0
-82 74 0
-33 -69 0
-66 -49 0
-1 -7 0
-44 32 0
-49 16 0
49 87 0
28 -100 0
-35 -13 0
71 -4 0
-22 -68 0
-98 -38 0
30 -40 0
8 70 0
64 -59 0
-13 45 0
-81 -5 0
-2 -58 0
-40 -25 0
-41 27 0
92 11 0
-39 -30 0
4 -89 0
49 91 0
96 -41 0
11 -53 0
-4 -57 0
-23 -80 0
46 86 0
54 -57 0
-1 -11 0
-40 -59 0
-71 13 0
-29 -14 0
-19 85 0
37 -68 0
-42 25 0
-58 -69 0
60 -91 0
90 -25 0
-10 6 0
-62 1 0
-58 -95 0
-50 -52 0
59 -40 0
-83 78 0
-91 -44 0
31 3 0
-37 45 0
-48 -26 0
-19 38 0
-18 -19 0
-59 69 0
-36 24 0
-41 42 0
-55 12 0
-62 -47 0
-9 3 0
-40 -67 0
-97 11 0
-4 91 0
