c solution=0
p cnf 100 200
22 -71 0
-41 -42 0
17 37 0
51 22 0
16 -60 0
-33 -25 0
-43 12 0
52 67 0
15 41 0
10 -50 0
-91 -93 0
-2 -28 0
-5 -49 0
24 43 0
45 41 0
-66 -40 0
33 -14 0
-46 -57 0
91 17 0
-38 -99 0
-52 78 0
-73 -98 0
50 100 0
54 -34 0
-83 8 0
72 -58 0
95 78 0
56 -21 0
32 25 0
-35 17 0
-31 75 0
-90 -42 0
65 -10 0
53 87 0
41 95 0
6 -79 0
-12 -91 0
8 4 0
-78 92 0
-94 42 0
27 24 0
-17 -35 0
-94 -22 0
9 -75 0
-11 7 0
-24 19 0
46 49 0
-67 -6 0
97 -54 0
6 -12 0
6 30 0
-18 -59 0
-100 24 0
-4 -88 0
25 -50 0
63 -59 0
22 -73 0
29 -56 0
49 22 0
85 36 0
27 96 0
-48 92 0
-92 31 0
64 -62 0
-12 -89 0
85 -54 0
44 -36 0
85 -56 0
-66 1 0
-57 -15 0
-26 78 0
52 85 0
60 22 0
41 -81 0
-88 39 0
10 6 0
8 -60 0
-90 -25 0
83 71 0
54 -55 0
-79 -27 0
3 76 0
-24 -60 0
-43 44 0
75 38 0
-28 -32 0
-97 76 0
-32 -83 0
30 49 0
-80 -37 0
63 10 0
-62 -54 0
52 -8 0
56 -65 0
-48 92 0
65 -26 0
-60 -78 0
24 -7 0
-16 -3 0
23 -21 0
-12 -38 0
49 -36 0
-62 -9 0
-8 35 0
61 41 0
33 9 0
-56 -42 0
44 -14 0
2 -95 0
-12 -39 0
-95 -22 0
48 49 0
-70 -45 0
-50 34 0
-43 34 0
-47 91 0
28 52 0
-37 13 0
34 22 0
-41 76 0
-48 -17 0
90 -12 0
-89 -69 0
32 89 0
93 52 0
47 57 0
-88 63 0
-87 -43 0
-53 -23 0
31 -58 0
51 98 0
-28 -91 0
4 22 0
1 15 0
11 -3 0
-83 84 0
-32 69 0
22 -36 0
-61 -66 0
-56 48 0
33 85 0
58 46 0
-69 87 0
-3 61 0
-29 82 0
-65 -27 0
-24 -22 0
-72 94 0
30 -3 0
-91 -36 0
25 -90 0
-5 -83 0
-51 -55 0
-27 55 0
2 46 0
45 38 0
-6 56 0
-66 78 0
29 76 0
22 55 0
-4 48 0
-2 -59 0
14 49 0
73 -97 0
32 88 0
89 -21 0
-71 -16 0
-97 29 0
32 -42 0
44 95 0
-52 -31 0
96 3 0
21 -62 0
49 13 0
69 -54 0
61 -62 0
-63 -53 0
51 37 0
52 -6 0
-22 80 0
89 -23 0
-70 10 0
-65 63 0
-94 -56 0
31 -90 0
40 -78 0
18 -32 0
-93 61 0
23 -32 0
-94 -63 0
-59 82 0
48 -30 0
-10 46 0
80 65 0
91 -59 0
-65 -32 0
-5 -95 0
44 -88 0
-41 -34 0
-74 23 0
