c solution=1
p cnf 100 100
31 19 0
100 -59 0
66 -53 0
-71 12 0
-52 -89 0
48 11 0
-45 -10 0
-41 27 0
79 71 0
-15 -21 0
24 37 0
97 -43 0
-4 -22 0
-25 -60 0
89 -70 0
92 -71 0
91 79 0
-52 90 0
-48 74 0
-91 -68 0
-7 65 0
-84 -13 0
-91 5 0
86 -24 0
83 39 0
80 74 0
39 52 0
-92 12 0
24 -38 0
-67 76 0
33 54 0
45 -20 0
58 40 0
87 49 0
-28 -23 0
18 19 0
27 19 0
-35 48 0
62 45 0
52 -61 0
-18 -56 0
-11 85 0
-57 -2 0
15 84 0
-66 -46 0
-46 -11 0
98 16 0
48 -24 0
-66 86 0
39 -24 0
-19 -35 0
-80 99 0
66 99 0
-92 44 0
86 -91 0
-81 -15 0
35 83 0
1 16 0
59 72 0
-75 71 0
93 13 0
34 -95 0
-3 -8 0
-44 -37 0
21 8 0
-89 -23 0
-11 -16 0
-27 48 0
50 -49 0
-93 21 0
-36 12 0
95 -27 0
-61 11 0
33 -14 0
-80 -43 0
-83 56 0
84 -35 0
-58 -28 0
15 -12 0
38 -54 0
96 18 0
52 48 0
-14 26 0
-80 -46 0
-22 -44 0
76 -16 0
-23 -1 0
-97 66 0
-100 -76 0
27 58 0
-30 -100 0
87 31 0
67 -84 0
-73 63 0
58 -13 0
-72 48 0
70 -88 0
-70 -44 0
-26 -56 0
66 -19 0
