c solution=0
p cnf 30 100
12 -6 0
-5 26 0
-14 6 0
19 -6 0
-20 -2 0
5 -15 0
-24 28 0
-7 -16 0
4 -10 0
26 -1 0
-16 21 0
-14 30 0
24 -20 0
-5 -1 0
-16 10 0
16 15 0
30 -20 0
25 -13 0
11 4 0
-18 1 0
-21 17 0
9 -27 0
10 -21 0
-2 24 0
20 -8 0
-1 9 0
3 7 0
7 -19 0
-3 -14 0
22 1 0
15 -29 0
28 -12 0
-22 -21 0
-10 27 0
-3 2 0
-29 22 0
-22 -15 0
9 29 0
-12 17 0
9 -17 0
25 -2 0
11 -30 0
-12 -17 0
-17 -20 0
-5 -1 0
20 17 0
12 -6 0
-15 -26 0
3 -24 0
-7 4 0
11 3 0
-4 -25 0
-1 -30 0
-3 -14 0
-8 -18 0
2 -20 0
-9 17 0
6 -9 0
25 18 0
-2 -21 0
-20 -1 0
-14 -17 0
-12 -16 0
30 -16 0
16 -19 0
-17 12 0
-29 14 0
21 -4 0
11 3 0
-10 29 0
13 -14 0
-20 6 0
-22 -16 0
15 23 0
-5 -29 0
17 -22 0
-22 17 0
23 18 0
24 9 0
-8 -23 0
13 10 0
-10 8 0
12 23 0
-1 -11 0
4 -21 0
-22 -16 0
-3 10 0
-30 26 0
10 -13 0
22 14 0
7 25 0
21 12 0
28 -14 0
-24 -2 0
15 13 0
-17 -1 0
-23 -25 0
26 -14 0
3 16 0
-13 -23 0
