c solution = 10
p edge 1000 999
e 1 3 100
e 2 1000 100
e 3 4 12
e 4 5 10
e 5 6 12
e 6 7 14
e 7 8 10
e 8 9 14
e 9 10 10
e 10 11 10
e 11 12 11
e 12 13 14
e 13 14 18
e 14 15 11
e 15 16 12
e 16 17 15
e 17 18 11
e 18 19 18
e 19 20 11
e 20 21 11
e 21 22 13
e 22 23 10
e 23 24 16
e 24 25 18
e 25 26 14
e 26 27 13
e 27 28 15
e 28 29 16
e 29 30 17
e 30 31 13
e 31 32 18
e 32 33 17
e 33 34 19
e 34 35 11
e 35 36 12
e 36 37 11
e 37 38 10
e 38 39 18
e 39 40 17
e 40 41 10
e 41 42 15
e 42 43 12
e 43 44 17
e 44 45 10
e 45 46 13
e 46 47 11
e 47 48 15
e 48 49 13
e 49 50 17
e 50 51 12
e 51 52 13
e 52 53 18
e 53 54 13
e 54 55 17
e 55 56 17
e 56 57 12
e 57 58 11
e 58 59 15
e 59 60 13
e 60 61 13
e 61 62 16
e 62 63 19
e 63 64 19
e 64 65 10
e 65 66 10
e 66 67 16
e 67 68 19
e 68 69 19
e 69 70 14
e 70 71 17
e 71 72 18
e 72 73 18
e 73 74 12
e 74 75 16
e 75 76 14
e 76 77 14
e 77 78 17
e 78 79 13
e 79 80 15
e 80 81 10
e 81 82 10
e 82 83 11
e 83 84 14
e 84 85 10
e 85 86 10
e 86 87 17
e 87 88 13
e 88 89 16
e 89 90 10
e 90 91 18
e 91 92 14
e 92 93 16
e 93 94 16
e 94 95 14
e 95 96 16
e 96 97 13
e 97 98 11
e 98 99 13
e 99 100 13
e 100 101 18
e 101 102 17
e 102 103 13
e 103 104 19
e 104 105 14
e 105 106 14
e 106 107 13
e 107 108 11
e 108 109 10
e 109 110 12
e 110 111 18
e 111 112 14
e 112 113 18
e 113 114 11
e 114 115 12
e 115 116 16
e 116 117 19
e 117 118 18
e 118 119 18
e 119 120 18
e 120 121 13
e 121 122 11
e 122 123 11
e 123 124 19
e 124 125 18
e 125 126 10
e 126 127 16
e 127 128 11
e 128 129 15
e 129 130 14
e 130 131 12
e 131 132 19
e 132 133 10
e 133 134 15
e 134 135 14
e 135 136 12
e 136 137 10
e 137 138 17
e 138 139 15
e 139 140 14
e 140 141 16
e 141 142 11
e 142 143 16
e 143 144 18
e 144 145 17
e 145 146 15
e 146 147 14
e 147 148 14
e 148 149 10
e 149 150 11
e 150 151 10
e 151 152 11
e 152 153 13
e 153 154 17
e 154 155 19
e 155 156 19
e 156 157 14
e 157 158 15
e 158 159 16
e 159 160 14
e 160 161 19
e 161 162 16
e 162 163 18
e 163 164 10
e 164 165 14
e 165 166 19
e 166 167 12
e 167 168 14
e 168 169 19
e 169 170 15
e 170 171 16
e 171 172 10
e 172 173 16
e 173 174 12
e 174 175 13
e 175 176 12
e 176 177 14
e 177 178 14
e 178 179 16
e 179 180 13
e 180 181 18
e 181 182 19
e 182 183 19
e 183 184 12
e 184 185 19
e 185 186 10
e 186 187 11
e 187 188 12
e 188 189 12
e 189 190 15
e 190 191 16
e 191 192 16
e 192 193 13
e 193 194 15
e 194 195 13
e 195 196 19
e 196 197 11
e 197 198 14
e 198 199 10
e 199 200 17
e 200 201 16
e 201 202 14
e 202 203 10
e 203 204 17
e 204 205 18
e 205 206 13
e 206 207 19
e 207 208 19
e 208 209 13
e 209 210 11
e 210 211 11
e 211 212 15
e 212 213 14
e 213 214 13
e 214 215 13
e 215 216 11
e 216 217 16
e 217 218 16
e 218 219 19
e 219 220 19
e 220 221 15
e 221 222 11
e 222 223 17
e 223 224 14
e 224 225 19
e 225 226 12
e 226 227 16
e 227 228 10
e 228 229 11
e 229 230 18
e 230 231 16
e 231 232 16
e 232 233 16
e 233 234 18
e 234 235 19
e 235 236 14
e 236 237 17
e 237 238 14
e 238 239 18
e 239 240 17
e 240 241 11
e 241 242 11
e 242 243 19
e 243 244 14
e 244 245 15
e 245 246 19
e 246 247 15
e 247 248 19
e 248 249 18
e 249 250 15
e 250 251 16
e 251 252 12
e 252 253 15
e 253 254 18
e 254 255 18
e 255 256 16
e 256 257 12
e 257 258 13
e 258 259 14
e 259 260 14
e 260 261 18
e 261 262 10
e 262 263 15
e 263 264 14
e 264 265 13
e 265 266 10
e 266 267 14
e 267 268 13
e 268 269 11
e 269 270 19
e 270 271 11
e 271 272 17
e 272 273 17
e 273 274 10
e 274 275 18
e 275 276 14
e 276 277 16
e 277 278 12
e 278 279 12
e 279 280 19
e 280 281 11
e 281 282 10
e 282 283 17
e 283 284 14
e 284 285 18
e 285 286 14
e 286 287 16
e 287 288 16
e 288 289 10
e 289 290 19
e 290 291 15
e 291 292 13
e 292 293 10
e 293 294 17
e 294 295 11
e 295 296 10
e 296 297 12
e 297 298 11
e 298 299 17
e 299 300 16
e 300 301 13
e 301 302 10
e 302 303 13
e 303 304 12
e 304 305 19
e 305 306 12
e 306 307 11
e 307 308 16
e 308 309 12
e 309 310 11
e 310 311 16
e 311 312 11
e 312 313 11
e 313 314 18
e 314 315 12
e 315 316 17
e 316 317 12
e 317 318 16
e 318 319 15
e 319 320 13
e 320 321 15
e 321 322 14
e 322 323 10
e 323 324 12
e 324 325 13
e 325 326 12
e 326 327 10
e 327 328 12
e 328 329 13
e 329 330 11
e 330 331 14
e 331 332 13
e 332 333 11
e 333 334 14
e 334 335 11
e 335 336 13
e 336 337 17
e 337 338 14
e 338 339 19
e 339 340 17
e 340 341 16
e 341 342 10
e 342 343 12
e 343 344 12
e 344 345 18
e 345 346 16
e 346 347 17
e 347 348 13
e 348 349 17
e 349 350 16
e 350 351 14
e 351 352 14
e 352 353 19
e 353 354 13
e 354 355 10
e 355 356 16
e 356 357 17
e 357 358 18
e 358 359 12
e 359 360 10
e 360 361 15
e 361 362 19
e 362 363 16
e 363 364 12
e 364 365 17
e 365 366 18
e 366 367 18
e 367 368 13
e 368 369 17
e 369 370 10
e 370 371 19
e 371 372 12
e 372 373 10
e 373 374 18
e 374 375 19
e 375 376 10
e 376 377 14
e 377 378 10
e 378 379 12
e 379 380 19
e 380 381 17
e 381 382 16
e 382 383 13
e 383 384 13
e 384 385 19
e 385 386 19
e 386 387 16
e 387 388 11
e 388 389 10
e 389 390 18
e 390 391 13
e 391 392 11
e 392 393 16
e 393 394 18
e 394 395 15
e 395 396 12
e 396 397 18
e 397 398 13
e 398 399 13
e 399 400 14
e 400 401 17
e 401 402 18
e 402 403 13
e 403 404 18
e 404 405 17
e 405 406 17
e 406 407 12
e 407 408 19
e 408 409 11
e 409 410 10
e 410 411 17
e 411 412 10
e 412 413 13
e 413 414 15
e 414 415 14
e 415 416 13
e 416 417 15
e 417 418 15
e 418 419 11
e 419 420 10
e 420 421 16
e 421 422 12
e 422 423 11
e 423 424 11
e 424 425 12
e 425 426 14
e 426 427 12
e 427 428 12
e 428 429 19
e 429 430 13
e 430 431 15
e 431 432 17
e 432 433 15
e 433 434 14
e 434 435 13
e 435 436 13
e 436 437 19
e 437 438 18
e 438 439 13
e 439 440 12
e 440 441 10
e 441 442 19
e 442 443 10
e 443 444 13
e 444 445 16
e 445 446 16
e 446 447 16
e 447 448 12
e 448 449 17
e 449 450 17
e 450 451 11
e 451 452 14
e 452 453 15
e 453 454 16
e 454 455 11
e 455 456 12
e 456 457 15
e 457 458 17
e 458 459 19
e 459 460 16
e 460 461 11
e 461 462 19
e 462 463 19
e 463 464 16
e 464 465 15
e 465 466 14
e 466 467 17
e 467 468 16
e 468 469 15
e 469 470 16
e 470 471 17
e 471 472 17
e 472 473 12
e 473 474 13
e 474 475 10
e 475 476 19
e 476 477 12
e 477 478 19
e 478 479 12
e 479 480 11
e 480 481 15
e 481 482 16
e 482 483 14
e 483 484 17
e 484 485 14
e 485 486 15
e 486 487 12
e 487 488 15
e 488 489 17
e 489 490 15
e 490 491 13
e 491 492 10
e 492 493 14
e 493 494 18
e 494 495 10
e 495 496 15
e 496 497 18
e 497 498 18
e 498 499 11
e 499 500 10
e 500 501 12
e 501 502 14
e 502 503 18
e 503 504 17
e 504 505 18
e 505 506 14
e 506 507 19
e 507 508 14
e 508 509 12
e 509 510 17
e 510 511 14
e 511 512 11
e 512 513 10
e 513 514 18
e 514 515 12
e 515 516 15
e 516 517 11
e 517 518 14
e 518 519 17
e 519 520 14
e 520 521 17
e 521 522 14
e 522 523 15
e 523 524 10
e 524 525 12
e 525 526 18
e 526 527 11
e 527 528 13
e 528 529 11
e 529 530 17
e 530 531 14
e 531 532 12
e 532 533 10
e 533 534 19
e 534 535 14
e 535 536 15
e 536 537 19
e 537 538 13
e 538 539 17
e 539 540 17
e 540 541 15
e 541 542 13
e 542 543 15
e 543 544 11
e 544 545 16
e 545 546 17
e 546 547 15
e 547 548 14
e 548 549 11
e 549 550 13
e 550 551 13
e 551 552 13
e 552 553 16
e 553 554 14
e 554 555 15
e 555 556 19
e 556 557 14
e 557 558 18
e 558 559 16
e 559 560 18
e 560 561 13
e 561 562 15
e 562 563 15
e 563 564 15
e 564 565 11
e 565 566 18
e 566 567 14
e 567 568 18
e 568 569 15
e 569 570 11
e 570 571 14
e 571 572 17
e 572 573 19
e 573 574 10
e 574 575 18
e 575 576 18
e 576 577 10
e 577 578 14
e 578 579 11
e 579 580 13
e 580 581 19
e 581 582 18
e 582 583 14
e 583 584 12
e 584 585 16
e 585 586 17
e 586 587 13
e 587 588 11
e 588 589 19
e 589 590 19
e 590 591 15
e 591 592 19
e 592 593 17
e 593 594 18
e 594 595 16
e 595 596 12
e 596 597 18
e 597 598 10
e 598 599 13
e 599 600 11
e 600 601 13
e 601 602 15
e 602 603 11
e 603 604 11
e 604 605 10
e 605 606 18
e 606 607 19
e 607 608 18
e 608 609 16
e 609 610 14
e 610 611 13
e 611 612 14
e 612 613 10
e 613 614 16
e 614 615 10
e 615 616 15
e 616 617 12
e 617 618 14
e 618 619 10
e 619 620 19
e 620 621 17
e 621 622 10
e 622 623 18
e 623 624 12
e 624 625 17
e 625 626 15
e 626 627 15
e 627 628 17
e 628 629 13
e 629 630 18
e 630 631 14
e 631 632 12
e 632 633 14
e 633 634 10
e 634 635 14
e 635 636 12
e 636 637 18
e 637 638 19
e 638 639 15
e 639 640 10
e 640 641 18
e 641 642 18
e 642 643 13
e 643 644 19
e 644 645 12
e 645 646 10
e 646 647 18
e 647 648 16
e 648 649 13
e 649 650 18
e 650 651 17
e 651 652 11
e 652 653 13
e 653 654 18
e 654 655 15
e 655 656 15
e 656 657 14
e 657 658 19
e 658 659 13
e 659 660 10
e 660 661 19
e 661 662 19
e 662 663 15
e 663 664 19
e 664 665 18
e 665 666 13
e 666 667 10
e 667 668 17
e 668 669 17
e 669 670 10
e 670 671 10
e 671 672 16
e 672 673 17
e 673 674 10
e 674 675 14
e 675 676 10
e 676 677 15
e 677 678 11
e 678 679 19
e 679 680 19
e 680 681 11
e 681 682 15
e 682 683 16
e 683 684 13
e 684 685 18
e 685 686 16
e 686 687 13
e 687 688 10
e 688 689 10
e 689 690 12
e 690 691 12
e 691 692 15
e 692 693 13
e 693 694 10
e 694 695 15
e 695 696 12
e 696 697 16
e 697 698 15
e 698 699 18
e 699 700 10
e 700 701 18
e 701 702 13
e 702 703 13
e 703 704 11
e 704 705 15
e 705 706 15
e 706 707 10
e 707 708 19
e 708 709 11
e 709 710 17
e 710 711 19
e 711 712 17
e 712 713 18
e 713 714 17
e 714 715 12
e 715 716 16
e 716 717 15
e 717 718 12
e 718 719 19
e 719 720 18
e 720 721 11
e 721 722 19
e 722 723 11
e 723 724 15
e 724 725 13
e 725 726 18
e 726 727 18
e 727 728 17
e 728 729 17
e 729 730 13
e 730 731 10
e 731 732 12
e 732 733 12
e 733 734 14
e 734 735 11
e 735 736 14
e 736 737 10
e 737 738 17
e 738 739 14
e 739 740 18
e 740 741 18
e 741 742 15
e 742 743 13
e 743 744 14
e 744 745 14
e 745 746 12
e 746 747 15
e 747 748 14
e 748 749 10
e 749 750 15
e 750 751 10
e 751 752 19
e 752 753 11
e 753 754 16
e 754 755 10
e 755 756 10
e 756 757 13
e 757 758 18
e 758 759 17
e 759 760 15
e 760 761 18
e 761 762 11
e 762 763 16
e 763 764 16
e 764 765 10
e 765 766 19
e 766 767 19
e 767 768 19
e 768 769 17
e 769 770 13
e 770 771 12
e 771 772 12
e 772 773 13
e 773 774 16
e 774 775 10
e 775 776 15
e 776 777 18
e 777 778 16
e 778 779 12
e 779 780 19
e 780 781 14
e 781 782 14
e 782 783 17
e 783 784 12
e 784 785 12
e 785 786 15
e 786 787 12
e 787 788 16
e 788 789 17
e 789 790 17
e 790 791 19
e 791 792 12
e 792 793 19
e 793 794 19
e 794 795 11
e 795 796 10
e 796 797 16
e 797 798 10
e 798 799 17
e 799 800 13
e 800 801 16
e 801 802 11
e 802 803 12
e 803 804 16
e 804 805 12
e 805 806 15
e 806 807 16
e 807 808 11
e 808 809 13
e 809 810 19
e 810 811 19
e 811 812 12
e 812 813 14
e 813 814 17
e 814 815 19
e 815 816 10
e 816 817 17
e 817 818 17
e 818 819 13
e 819 820 11
e 820 821 17
e 821 822 15
e 822 823 17
e 823 824 13
e 824 825 15
e 825 826 14
e 826 827 14
e 827 828 10
e 828 829 12
e 829 830 10
e 830 831 14
e 831 832 18
e 832 833 15
e 833 834 12
e 834 835 10
e 835 836 12
e 836 837 12
e 837 838 13
e 838 839 14
e 839 840 11
e 840 841 16
e 841 842 12
e 842 843 14
e 843 844 16
e 844 845 17
e 845 846 16
e 846 847 11
e 847 848 17
e 848 849 14
e 849 850 19
e 850 851 15
e 851 852 11
e 852 853 16
e 853 854 10
e 854 855 18
e 855 856 18
e 856 857 16
e 857 858 18
e 858 859 16
e 859 860 15
e 860 861 14
e 861 862 11
e 862 863 16
e 863 864 14
e 864 865 16
e 865 866 14
e 866 867 14
e 867 868 15
e 868 869 16
e 869 870 11
e 870 871 16
e 871 872 15
e 872 873 15
e 873 874 16
e 874 875 19
e 875 876 13
e 876 877 18
e 877 878 18
e 878 879 14
e 879 880 18
e 880 881 17
e 881 882 14
e 882 883 11
e 883 884 18
e 884 885 10
e 885 886 14
e 886 887 15
e 887 888 11
e 888 889 19
e 889 890 16
e 890 891 16
e 891 892 17
e 892 893 16
e 893 894 19
e 894 895 12
e 895 896 12
e 896 897 10
e 897 898 14
e 898 899 11
e 899 900 15
e 900 901 12
e 901 902 19
e 902 903 17
e 903 904 15
e 904 905 19
e 905 906 14
e 906 907 17
e 907 908 17
e 908 909 19
e 909 910 15
e 910 911 14
e 911 912 18
e 912 913 18
e 913 914 11
e 914 915 16
e 915 916 10
e 916 917 16
e 917 918 16
e 918 919 16
e 919 920 14
e 920 921 12
e 921 922 19
e 922 923 19
e 923 924 12
e 924 925 16
e 925 926 16
e 926 927 15
e 927 928 13
e 928 929 12
e 929 930 10
e 930 931 16
e 931 932 17
e 932 933 14
e 933 934 19
e 934 935 14
e 935 936 19
e 936 937 15
e 937 938 14
e 938 939 15
e 939 940 14
e 940 941 16
e 941 942 16
e 942 943 18
e 943 944 10
e 944 945 12
e 945 946 16
e 946 947 13
e 947 948 11
e 948 949 17
e 949 950 13
e 950 951 13
e 951 952 15
e 952 953 11
e 953 954 15
e 954 955 18
e 955 956 19
e 956 957 18
e 957 958 10
e 958 959 10
e 959 960 19
e 960 961 12
e 961 962 19
e 962 963 16
e 963 964 16
e 964 965 17
e 965 966 11
e 966 967 19
e 967 968 14
e 968 969 13
e 969 970 11
e 970 971 11
e 971 972 11
e 972 973 15
e 973 974 10
e 974 975 16
e 975 976 10
e 976 977 16
e 977 978 12
e 978 979 15
e 979 980 17
e 980 981 16
e 981 982 19
e 982 983 10
e 983 984 17
e 984 985 13
e 985 986 18
e 986 987 17
e 987 988 16
e 988 989 17
e 989 990 19
e 990 991 18
e 991 992 19
e 992 993 11
e 993 994 15
e 994 995 10
e 995 996 14
e 996 997 16
e 997 998 18
e 998 999 11
e 999 1000 15
