c solution = 64
p edge 100 701
e 1 2 27
e 1 3 46
e 1 32 3
e 1 40 2
e 1 46 8
e 1 54 63
e 1 56 9
e 1 58 18
e 1 75 53
e 1 90 54
e 1 91 45
e 1 99 64
e 2 33 84
e 2 34 71
e 2 45 31
e 2 46 16
e 2 55 30
e 2 67 28
e 2 72 85
e 2 83 70
e 3 15 10
e 3 33 83
e 3 40 9
e 3 41 29
e 3 46 5
e 3 48 6
e 3 50 71
e 3 54 28
e 3 57 47
e 3 61 16
e 3 70 15
e 3 74 23
e 3 91 53
e 3 94 52
e 3 97 82
e 3 99 24
e 4 7 26
e 4 8 27
e 4 15 58
e 4 16 1
e 4 38 2
e 4 63 59
e 4 76 27
e 4 77 28
e 5 10 11
e 5 14 14
e 5 28 12
e 5 35 65
e 5 44 13
e 5 49 15
e 5 58 58
e 5 59 32
e 5 61 23
e 5 72 86
e 5 76 33
e 5 83 22
e 5 88 57
e 5 90 23
e 5 96 24
e 5 98 14
e 6 20 4
e 6 24 98
e 6 47 9
e 6 56 3
e 6 61 19
e 6 80 10
e 6 87 20
e 6 88 8
e 6 93 9
e 6 95 97
e 7 20 8
e 7 29 4
e 7 31 26
e 7 33 54
e 7 46 53
e 7 56 27
e 7 62 51
e 7 70 8
e 7 72 43
e 7 74 42
e 7 80 52
e 7 84 7
e 7 88 25
e 7 94 9
e 8 11 5
e 8 12 25
e 8 13 19
e 8 17 46
e 8 22 47
e 8 24 38
e 8 26 36
e 8 29 37
e 8 34 4
e 8 51 19
e 8 52 20
e 8 59 6
e 8 61 26
e 8 65 27
e 8 71 5
e 8 72 5
e 8 85 26
e 8 88 4
e 9 26 68
e 9 32 45
e 9 35 44
e 9 40 76
e 9 50 70
e 9 73 75
e 9 92 69
e 10 15 5
e 10 20 60
e 10 23 25
e 10 32 19
e 10 39 22
e 10 41 5
e 10 46 7
e 10 48 4
e 10 50 13
e 10 54 26
e 10 55 14
e 10 56 10
e 10 60 4
e 10 71 6
e 10 72 18
e 10 81 59
e 10 87 21
e 10 90 22
e 11 12 1
e 11 16 21
e 11 33 17
e 11 34 72
e 11 44 73
e 11 46 77
e 11 49 28
e 11 53 2
e 11 57 9
e 11 62 8
e 11 69 27
e 11 77 76
e 11 88 4
e 11 99 16
e 12 17 20
e 12 31 21
e 12 35 20
e 12 38 49
e 12 62 64
e 12 64 21
e 12 73 24
e 12 77 63
e 12 84 4
e 12 91 24
e 12 99 48
e 12 100 3
e 13 20 7
e 13 22 18
e 13 23 20
e 13 28 13
e 13 42 91
e 13 50 21
e 13 65 92
e 13 71 30
e 13 76 19
e 13 78 14
e 13 81 22
e 13 84 6
e 14 29 36
e 14 32 51
e 14 41 30
e 14 55 35
e 14 56 88
e 14 59 13
e 14 63 11
e 14 65 50
e 14 80 12
e 14 82 31
e 14 90 87
e 15 19 39
e 15 21 11
e 15 27 1
e 15 38 1
e 15 43 16
e 15 44 36
e 15 51 35
e 15 53 38
e 15 60 6
e 15 71 25
e 15 76 38
e 15 86 15
e 15 89 57
e 15 94 26
e 16 19 25
e 16 24 31
e 16 28 32
e 16 29 22
e 16 31 45
e 16 34 30
e 16 35 9
e 16 39 29
e 16 43 17
e 16 48 38
e 16 55 18
e 16 59 26
e 16 60 10
e 16 73 37
e 17 34 16
e 17 40 74
e 17 58 35
e 17 66 41
e 17 73 36
e 17 75 52
e 17 76 40
e 17 80 51
e 17 82 34
e 17 91 45
e 18 28 33
e 18 42 31
e 18 44 57
e 18 51 34
e 18 59 31
e 18 75 30
e 18 87 32
e 19 25 24
e 19 32 29
e 19 40 73
e 19 43 8
e 19 44 9
e 19 72 44
e 19 87 33
e 19 89 40
e 19 91 34
e 19 94 30
e 19 97 45
e 20 23 37
e 20 24 61
e 20 31 5
e 20 38 36
e 20 54 11
e 20 59 10
e 20 85 2
e 20 88 24
e 21 72 6
e 21 75 5
e 21 79 6
e 21 89 5
e 22 25 43
e 22 28 35
e 22 31 44
e 22 36 17
e 22 37 31
e 22 39 28
e 22 45 27
e 22 49 25
e 22 52 48
e 22 62 7
e 22 67 34
e 22 69 26
e 22 72 6
e 22 74 25
e 22 82 26
e 22 84 5
e 22 91 6
e 22 93 32
e 23 34 32
e 23 35 8
e 23 40 1
e 23 44 12
e 23 57 24
e 23 63 11
e 23 71 21
e 23 72 7
e 23 75 38
e 23 94 31
e 24 27 16
e 24 37 33
e 24 41 10
e 24 43 62
e 24 44 2
e 24 45 9
e 24 54 62
e 24 58 1
e 24 60 32
e 24 61 35
e 24 62 50
e 24 66 49
e 24 80 34
e 24 82 1
e 24 83 10
e 24 84 6
e 24 85 23
e 24 86 36
e 24 88 30
e 24 90 43
e 24 92 70
e 24 94 71
e 24 97 11
e 24 98 15
e 25 30 30
e 25 32 31
e 25 35 20
e 25 45 21
e 25 66 42
e 25 89 7
e 25 90 23
e 26 27 10
e 26 34 85
e 26 37 68
e 26 41 11
e 26 43 70
e 26 46 52
e 26 47 60
e 26 57 10
e 26 62 16
e 26 66 67
e 26 69 14
e 26 72 71
e 26 75 37
e 26 78 15
e 26 81 11
e 26 90 86
e 26 91 61
e 27 32 32
e 27 35 16
e 27 54 33
e 27 61 79
e 27 63 1
e 27 80 80
e 27 81 17
e 27 82 2
e 27 86 9
e 27 94 17
e 27 97 46
e 27 99 47
e 27 100 2
e 28 33 55
e 28 44 56
e 28 69 36
e 29 36 23
e 29 40 5
e 29 41 4
e 29 47 23
e 29 48 80
e 29 49 48
e 29 54 4
e 29 57 15
e 29 64 24
e 29 72 14
e 29 77 79
e 29 85 3
e 29 92 47
e 30 31 6
e 30 33 18
e 30 44 7
e 30 45 21
e 30 47 22
e 30 74 22
e 30 83 56
e 30 84 19
e 30 90 55
e 30 99 21
e 31 49 42
e 31 52 21
e 31 56 22
e 31 61 22
e 31 62 24
e 31 81 18
e 31 83 41
e 31 88 25
e 31 90 1
e 31 98 19
e 32 47 94
e 32 65 28
e 32 82 20
e 32 87 52
e 32 89 4
e 32 92 46
e 33 42 40
e 33 57 16
e 33 58 34
e 33 70 9
e 33 72 17
e 33 73 10
e 33 77 33
e 33 84 39
e 33 86 14
e 33 89 13
e 33 97 28
e 34 38 10
e 34 47 2
e 34 48 11
e 34 50 2
e 34 58 3
e 34 75 33
e 34 78 1
e 34 79 55
e 34 81 31
e 34 85 74
e 34 86 84
e 34 88 56
e 34 94 73
e 35 38 19
e 35 55 19
e 35 67 27
e 35 69 66
e 35 72 28
e 35 74 10
e 35 80 66
e 35 84 21
e 35 89 43
e 35 97 11
e 35 98 20
e 35 99 65
e 36 40 29
e 36 42 90
e 36 56 89
e 36 76 5
e 36 85 1
e 36 87 36
e 36 88 24
e 36 89 6
e 36 94 30
e 36 96 37
e 37 38 35
e 37 49 43
e 37 51 30
e 37 53 47
e 37 58 44
e 37 61 48
e 37 67 29
e 37 69 67
e 37 75 59
e 37 81 28
e 37 95 60
e 38 48 3
e 38 49 6
e 38 56 18
e 38 63 9
e 38 74 50
e 38 80 50
e 38 88 7
e 38 93 2
e 38 100 2
e 39 45 36
e 39 47 17
e 39 53 37
e 39 56 21
e 39 79 18
e 39 90 20
e 40 41 6
e 40 56 35
e 40 65 1
e 40 75 34
e 40 79 28
e 40 80 3
e 40 84 77
e 40 88 17
e 41 42 9
e 41 66 66
e 41 68 6
e 41 75 68
e 41 77 3
e 41 80 67
e 41 87 65
e 41 89 12
e 42 43 22
e 42 46 41
e 42 49 24
e 42 56 28
e 42 62 23
e 42 67 30
e 42 77 8
e 43 48 16
e 43 52 17
e 43 56 16
e 43 71 21
e 43 72 17
e 43 75 39
e 43 77 69
e 43 84 7
e 43 88 40
e 43 95 61
e 43 96 74
e 44 73 74
e 44 76 8
e 44 79 10
e 44 88 3
e 44 95 57
e 45 50 60
e 45 51 35
e 45 67 32
e 45 73 26
e 45 74 22
e 45 85 61
e 45 88 14
e 45 89 20
e 46 52 39
e 46 53 3
e 46 61 18
e 46 62 17
e 46 66 8
e 46 76 18
e 46 77 78
e 46 83 40
e 46 84 37
e 46 91 42
e 46 99 15
e 47 51 16
e 47 58 59
e 47 63 10
e 47 65 93
e 47 81 12
e 47 94 3
e 48 53 44
e 48 57 23
e 48 60 31
e 48 61 14
e 48 63 39
e 48 70 30
e 48 77 15
e 48 84 22
e 48 97 81
e 49 52 28
e 49 55 29
e 49 68 16
e 49 70 29
e 49 79 68
e 49 83 69
e 49 95 5
e 50 54 12
e 50 55 12
e 50 74 1
e 50 79 11
e 50 84 20
e 50 85 2
e 51 72 29
e 51 76 34
e 51 81 18
e 51 99 15
e 52 55 13
e 52 61 34
e 52 65 49
e 52 70 14
e 52 76 38
e 52 95 27
e 52 96 33
e 53 75 40
e 53 91 43
e 53 95 41
e 53 97 46
e 54 57 27
e 54 80 11
e 54 90 12
e 54 94 27
e 55 62 66
e 55 65 19
e 55 68 13
e 55 72 18
e 55 81 67
e 55 83 12
e 55 90 13
e 55 99 14
e 56 61 17
e 56 65 2
e 56 72 72
e 56 84 36
e 56 88 15
e 56 89 19
e 56 90 21
e 57 66 48
e 57 67 4
e 57 76 9
e 57 82 3
e 57 89 28
e 57 97 8
e 58 65 2
e 58 72 13
e 58 95 4
e 58 97 12
e 59 62 7
e 59 63 9
e 59 73 82
e 59 77 7
e 59 86 83
e 59 94 12
e 59 96 25
e 59 97 27
e 60 63 60
e 60 66 11
e 60 68 61
e 60 83 3
e 61 65 49
e 61 71 24
e 61 75 54
e 61 79 7
e 61 80 53
e 61 82 13
e 61 84 78
e 61 91 62
e 61 98 6
e 61 99 25
e 62 68 65
e 62 69 65
e 62 93 8
e 63 76 10
e 63 79 7
e 63 91 40
e 63 92 1
e 63 99 8
e 64 68 66
e 64 75 25
e 64 79 67
e 64 80 13
e 64 92 22
e 64 97 12
e 65 71 1
e 65 95 96
e 65 100 3
e 66 68 38
e 66 69 9
e 66 72 1
e 66 82 12
e 66 83 2
e 66 99 37
e 67 68 42
e 67 73 41
e 67 81 33
e 67 87 5
e 67 88 29
e 67 91 41
e 67 93 33
e 67 97 26
e 67 98 1
e 68 70 14
e 68 75 39
e 68 81 17
e 68 89 62
e 68 99 7
e 69 76 37
e 69 79 55
e 69 88 64
e 69 95 15
e 69 96 54
e 69 98 5
e 69 100 4
e 70 81 32
e 70 82 33
e 70 99 15
e 71 75 55
e 71 85 22
e 71 89 56
e 73 74 23
e 73 80 81
e 73 83 11
e 73 88 25
e 74 76 9
e 74 84 5
e 74 88 41
e 74 89 14
e 74 94 51
e 74 97 12
e 74 100 24
e 75 77 29
e 75 80 4
e 75 85 69
e 75 86 37
e 75 89 13
e 75 91 44
e 76 94 10
e 76 100 4
e 77 80 14
e 77 81 68
e 77 82 32
e 77 85 62
e 77 98 2
e 79 85 27
e 79 91 54
e 80 88 24
e 80 96 13
e 80 97 25
e 80 100 35
e 81 82 27
e 81 91 23
e 81 95 58
e 82 83 21
e 83 94 57
e 83 97 11
e 84 87 6
e 85 92 2
e 85 99 1
e 87 91 35
e 87 96 53
e 88 89 63
e 88 93 3
e 88 95 16
e 89 94 41
e 89 95 42
e 89 96 32
e 90 91 44
e 91 95 26
e 92 100 23
e 96 99 14
e 99 100 36
