c solution = 68
p edge 20 75
e 1 6 68
e 1 13 64
e 2 3 85
e 2 4 53
e 2 5 38
e 2 7 67
e 2 12 55
e 2 13 18
e 2 14 80
e 2 15 26
e 2 16 90
e 2 18 26
e 2 19 70
e 3 6 95
e 3 7 90
e 3 8 29
e 3 10 93
e 3 12 54
e 3 13 4
e 3 14 64
e 3 17 51
e 4 7 68
e 4 10 60
e 4 11 41
e 4 13 87
e 4 14 38
e 4 15 37
e 4 20 76
e 5 6 57
e 5 7 75
e 5 10 73
e 5 12 26
e 5 13 98
e 5 14 66
e 5 17 58
e 6 11 3
e 6 13 91
e 6 16 29
e 6 18 66
e 6 20 48
e 7 10 68
e 7 14 71
e 7 15 26
e 7 19 6
e 7 20 37
e 8 16 17
e 9 10 63
e 9 12 72
e 9 15 16
e 9 20 63
e 10 11 41
e 10 12 43
e 10 13 7
e 10 14 40
e 10 15 79
e 10 17 6
e 11 13 3
e 11 14 44
e 11 17 68
e 11 18 86
e 11 19 6
e 11 20 91
e 12 14 7
e 12 15 51
e 12 16 46
e 12 17 1
e 13 16 75
e 13 20 75
e 14 15 63
e 14 18 57
e 15 19 94
e 16 17 94
e 16 18 1
e 17 20 63
e 18 20 87
