c solution = 344
p edge 100 480
e 1 25 344
e 1 38 260
e 1 40 218
e 1 47 337
e 1 51 84
e 1 67 259
e 1 68 328
e 1 72 152
e 1 74 274
e 1 86 67
e 1 88 107
e 2 9 38
e 2 14 221
e 2 15 323
e 2 27 432
e 2 41 496
e 2 48 35
e 2 49 377
e 2 72 372
e 2 75 331
e 2 84 113
e 2 95 278
e 2 99 40
e 2 100 98
e 3 11 200
e 3 18 2
e 3 22 401
e 3 23 298
e 3 25 432
e 3 43 409
e 3 47 7
e 3 74 357
e 4 25 363
e 4 32 322
e 4 44 454
e 4 66 350
e 4 81 209
e 4 89 189
e 4 96 10
e 4 97 297
e 4 100 243
e 5 14 494
e 5 16 3
e 5 21 354
e 5 22 54
e 5 25 259
e 5 40 103
e 5 54 422
e 5 56 290
e 5 74 489
e 5 77 129
e 5 87 240
e 5 90 89
e 5 91 397
e 6 14 22
e 6 17 239
e 6 44 344
e 6 50 410
e 6 52 107
e 6 71 192
e 6 82 19
e 6 88 187
e 6 95 349
e 7 14 220
e 7 16 65
e 7 30 174
e 7 71 224
e 7 79 367
e 7 94 372
e 7 98 336
e 8 12 301
e 8 13 113
e 8 21 215
e 8 24 46
e 8 46 337
e 8 52 181
e 8 69 317
e 8 82 413
e 8 100 126
e 9 20 219
e 9 30 456
e 9 57 179
e 9 63 396
e 9 67 88
e 9 73 25
e 9 90 242
e 9 91 426
e 10 12 436
e 10 20 191
e 10 21 236
e 10 25 205
e 10 27 160
e 10 34 279
e 10 38 417
e 10 43 196
e 10 49 417
e 10 62 491
e 10 64 336
e 10 92 51
e 11 21 8
e 11 29 4
e 11 39 244
e 11 53 449
e 11 60 117
e 11 66 383
e 11 69 194
e 11 84 295
e 12 13 324
e 12 17 127
e 12 20 161
e 12 43 236
e 12 51 159
e 12 65 36
e 12 84 302
e 12 86 347
e 12 100 371
e 13 22 274
e 13 33 82
e 13 41 74
e 13 42 59
e 13 48 221
e 13 52 146
e 13 72 201
e 13 81 473
e 13 83 383
e 13 94 297
e 14 27 50
e 14 32 39
e 14 48 33
e 14 60 49
e 14 70 376
e 14 90 159
e 15 16 120
e 15 22 227
e 15 37 26
e 15 42 142
e 15 47 178
e 15 69 119
e 15 79 477
e 16 34 314
e 16 53 483
e 16 54 459
e 17 19 321
e 17 22 190
e 17 24 86
e 17 28 401
e 17 33 334
e 17 38 137
e 17 52 474
e 17 61 346
e 17 67 100
e 17 83 312
e 17 91 167
e 17 92 240
e 17 98 255
e 18 29 281
e 18 43 408
e 18 47 37
e 18 62 253
e 18 73 264
e 19 24 59
e 19 43 87
e 19 48 369
e 19 69 30
e 19 89 379
e 19 91 182
e 19 92 471
e 20 29 40
e 20 36 430
e 20 47 77
e 20 48 324
e 20 64 319
e 20 78 294
e 20 88 368
e 20 97 447
e 21 23 9
e 21 25 479
e 21 26 436
e 21 29 95
e 21 33 435
e 21 35 77
e 21 36 4
e 21 45 406
e 21 49 229
e 21 50 435
e 21 60 104
e 21 61 367
e 21 67 24
e 21 70 233
e 21 76 285
e 21 87 345
e 21 95 66
e 22 39 5
e 22 47 404
e 22 60 52
e 22 66 478
e 22 93 116
e 22 94 131
e 22 99 139
e 23 24 16
e 23 34 377
e 23 43 491
e 23 57 65
e 23 70 398
e 23 72 376
e 23 80 443
e 23 85 383
e 23 93 77
e 24 53 138
e 24 54 130
e 24 87 285
e 24 90 103
e 24 91 237
e 25 33 468
e 25 36 414
e 25 45 407
e 25 46 299
e 25 48 143
e 25 63 463
e 25 85 90
e 25 98 80
e 25 100 304
e 26 31 254
e 26 75 372
e 26 81 424
e 27 45 5
e 27 47 240
e 27 54 37
e 27 63 488
e 27 73 162
e 27 80 62
e 27 88 97
e 27 91 203
e 28 29 354
e 28 33 155
e 28 43 381
e 28 53 438
e 28 66 280
e 28 70 28
e 28 73 457
e 28 78 392
e 28 79 441
e 29 55 4
e 29 58 238
e 29 71 278
e 29 85 172
e 29 99 223
e 29 100 33
e 30 33 59
e 30 49 252
e 30 73 349
e 30 91 467
e 30 96 367
e 31 42 373
e 31 52 183
e 31 54 428
e 31 68 343
e 31 70 383
e 31 76 307
e 31 82 324
e 31 87 428
e 31 90 322
e 32 41 244
e 32 46 248
e 32 47 429
e 32 66 190
e 32 69 343
e 32 85 162
e 33 34 171
e 33 48 460
e 33 63 89
e 33 66 388
e 33 83 262
e 33 87 194
e 33 91 441
e 33 96 174
e 34 42 297
e 34 48 214
e 34 52 338
e 34 56 375
e 34 88 459
e 34 89 424
e 34 90 423
e 34 92 201
e 34 96 245
e 34 99 361
e 35 39 137
e 35 40 159
e 35 43 259
e 35 48 351
e 35 75 324
e 35 82 14
e 35 87 376
e 35 97 278
e 36 38 455
e 36 49 207
e 36 50 182
e 36 58 222
e 36 66 376
e 36 71 382
e 36 75 98
e 36 76 467
e 36 78 390
e 36 86 27
e 36 94 124
e 37 59 95
e 37 74 332
e 37 88 16
e 37 95 219
e 38 40 393
e 38 55 409
e 38 57 78
e 38 60 421
e 38 64 111
e 38 76 54
e 38 88 195
e 38 96 409
e 39 48 488
e 39 83 202
e 39 84 192
e 40 46 191
e 40 48 129
e 40 72 403
e 40 75 323
e 40 78 5
e 40 99 487
e 41 46 320
e 41 62 64
e 41 68 426
e 42 69 246
e 42 74 392
e 42 90 241
e 42 91 247
e 43 45 445
e 43 54 493
e 43 55 446
e 43 70 114
e 43 80 82
e 43 88 88
e 43 89 52
e 44 48 384
e 44 50 336
e 44 56 278
e 44 62 276
e 44 65 127
e 44 77 332
e 44 79 193
e 44 85 215
e 44 88 14
e 44 90 480
e 44 91 231
e 44 96 380
e 45 65 289
e 45 71 346
e 45 88 6
e 45 89 314
e 45 95 124
e 46 60 314
e 47 52 174
e 47 68 331
e 47 75 305
e 47 78 80
e 47 92 156
e 47 96 18
e 48 64 132
e 48 78 328
e 48 97 287
e 48 99 227
e 49 51 245
e 49 53 280
e 49 65 261
e 49 69 180
e 49 72 38
e 49 85 382
e 50 57 172
e 50 58 214
e 50 73 497
e 50 85 191
e 50 87 220
e 51 57 5
e 51 59 461
e 51 82 441
e 51 86 384
e 51 90 197
e 52 55 101
e 52 62 101
e 52 65 309
e 52 78 255
e 52 90 304
e 53 63 144
e 53 74 443
e 53 79 333
e 54 62 403
e 54 84 481
e 54 86 112
e 55 58 331
e 55 64 141
e 55 100 245
e 56 59 365
e 56 63 278
e 56 99 335
e 57 84 44
e 57 90 491
e 57 93 181
e 57 100 242
e 58 72 160
e 58 74 233
e 58 83 288
e 58 89 200
e 58 93 279
e 59 72 207
e 59 79 418
e 59 93 357
e 59 94 69
e 59 100 340
e 60 78 277
e 61 94 107
e 61 96 127
e 62 99 187
e 63 70 216
e 63 80 129
e 63 84 447
e 63 90 486
e 63 93 131
e 64 71 293
e 64 93 284
e 65 89 336
e 66 81 445
e 66 83 147
e 66 84 206
e 66 99 183
e 67 72 498
e 67 84 76
e 68 69 44
e 68 75 182
e 68 77 389
e 68 86 181
e 68 92 125
e 70 84 444
e 70 85 157
e 71 78 149
e 71 90 42
e 72 84 119
e 72 94 63
e 73 74 147
e 73 75 422
e 73 76 301
e 73 85 211
e 74 78 404
e 74 85 297
e 74 91 474
e 74 96 89
e 75 84 173
e 75 87 365
e 75 100 374
e 76 85 41
e 77 91 29
e 78 80 11
e 78 87 269
e 78 95 156
e 79 96 383
e 81 89 430
e 81 97 264
e 82 91 212
e 82 96 460
e 82 97 367
e 83 98 489
e 83 99 462
e 84 87 145
e 84 93 299
e 85 89 92
e 85 97 84
e 87 91 297
e 88 92 155
e 88 94 364
e 88 95 297
e 89 93 168
e 89 100 148
e 94 96 382
e 95 100 447
