c solution = 1
p edge 30 327
e 1 2 1
e 1 4 1
e 1 6 1
e 1 7 1
e 1 9 1
e 1 10 1
e 1 11 1
e 1 12 1
e 1 13 1
e 1 16 1
e 1 17 1
e 1 20 1
e 1 21 1
e 1 22 1
e 1 24 1
e 1 25 1
e 1 26 1
e 1 27 1
e 1 28 1
e 1 29 1
e 2 4 1
e 2 5 1
e 2 6 1
e 2 7 1
e 2 9 1
e 2 10 1
e 2 11 1
e 2 12 1
e 2 13 1
e 2 15 1
e 2 16 1
e 2 17 1
e 2 19 1
e 2 20 1
e 2 21 1
e 2 22 1
e 2 24 1
e 2 25 1
e 2 26 1
e 2 27 1
e 2 28 1
e 2 29 1
e 2 30 1
e 3 4 1
e 3 20 1
e 3 21 1
e 3 22 1
e 3 29 1
e 4 5 1
e 4 6 1
e 4 7 1
e 4 8 1
e 4 9 1
e 4 10 1
e 4 11 1
e 4 12 1
e 4 13 1
e 4 14 1
e 4 15 1
e 4 16 1
e 4 17 1
e 4 18 1
e 4 19 1
e 4 20 1
e 4 21 1
e 4 22 1
e 4 23 1
e 4 24 1
e 4 25 1
e 4 26 1
e 4 27 1
e 4 28 1
e 4 29 1
e 4 30 1
e 5 6 1
e 5 7 1
e 5 9 1
e 5 10 1
e 5 11 1
e 5 12 1
e 5 13 1
e 5 15 1
e 5 16 1
e 5 17 1
e 5 19 1
e 5 20 1
e 5 21 1
e 5 22 1
e 5 23 1
e 5 25 1
e 5 26 1
e 5 29 1
e 5 30 1
e 6 7 1
e 6 9 1
e 6 10 1
e 6 11 1
e 6 12 1
e 6 13 1
e 6 15 1
e 6 16 1
e 6 17 1
e 6 19 1
e 6 20 1
e 6 21 1
e 6 22 1
e 6 24 1
e 6 25 1
e 6 26 1
e 6 28 1
e 6 29 1
e 6 30 1
e 7 9 1
e 7 10 1
e 7 11 1
e 7 12 1
e 7 13 1
e 7 14 1
e 7 15 1
e 7 16 1
e 7 17 1
e 7 19 1
e 7 20 1
e 7 21 1
e 7 22 1
e 7 23 1
e 7 24 1
e 7 25 1
e 7 26 1
e 7 28 1
e 7 29 1
e 7 30 1
e 8 14 1
e 8 22 1
e 9 10 1
e 9 11 1
e 9 12 1
e 9 13 1
e 9 14 1
e 9 15 1
e 9 16 1
e 9 17 1
e 9 19 1
e 9 20 1
e 9 21 1
e 9 22 1
e 9 23 1
e 9 24 1
e 9 25 1
e 9 26 1
e 9 27 1
e 9 28 1
e 9 29 1
e 9 30 1
e 10 11 1
e 10 12 1
e 10 13 1
e 10 14 1
e 10 15 1
e 10 16 1
e 10 17 1
e 10 19 1
e 10 20 1
e 10 21 1
e 10 22 1
e 10 23 1
e 10 24 1
e 10 25 1
e 10 26 1
e 10 27 1
e 10 28 1
e 10 29 1
e 10 30 1
e 11 12 1
e 11 13 1
e 11 14 1
e 11 15 1
e 11 16 1
e 11 17 1
e 11 19 1
e 11 20 1
e 11 21 1
e 11 22 1
e 11 23 1
e 11 24 1
e 11 25 1
e 11 26 1
e 11 27 1
e 11 28 1
e 11 29 1
e 11 30 1
e 12 13 1
e 12 14 1
e 12 15 1
e 12 16 1
e 12 17 1
e 12 19 1
e 12 20 1
e 12 21 1
e 12 22 1
e 12 23 1
e 12 24 1
e 12 25 1
e 12 26 1
e 12 27 1
e 12 28 1
e 12 29 1
e 12 30 1
e 13 14 1
e 13 15 1
e 13 16 1
e 13 17 1
e 13 19 1
e 13 20 1
e 13 21 1
e 13 22 1
e 13 23 1
e 13 24 1
e 13 25 1
e 13 26 1
e 13 27 1
e 13 28 1
e 13 29 1
e 13 30 1
e 14 15 1
e 14 17 1
e 14 18 1
e 14 19 1
e 14 20 1
e 14 21 1
e 14 22 1
e 14 23 1
e 14 25 1
e 14 26 1
e 14 30 1
e 15 16 1
e 15 17 1
e 15 19 1
e 15 20 1
e 15 21 1
e 15 22 1
e 15 23 1
e 15 25 1
e 15 26 1
e 15 29 1
e 15 30 1
e 16 17 1
e 16 19 1
e 16 20 1
e 16 21 1
e 16 22 1
e 16 24 1
e 16 25 1
e 16 26 1
e 16 28 1
e 16 29 1
e 16 30 1
e 17 19 1
e 17 20 1
e 17 21 1
e 17 22 1
e 17 23 1
e 17 24 1
e 17 25 1
e 17 26 1
e 17 27 1
e 17 28 1
e 17 29 1
e 17 30 1
e 18 21 1
e 18 22 1
e 18 26 1
e 19 20 1
e 19 21 1
e 19 22 1
e 19 23 1
e 19 25 1
e 19 26 1
e 19 29 1
e 19 30 1
e 20 21 1
e 20 22 1
e 20 23 1
e 20 24 1
e 20 25 1
e 20 26 1
e 20 27 1
e 20 28 1
e 20 29 1
e 20 30 1
e 21 22 1
e 21 23 1
e 21 24 1
e 21 25 1
e 21 26 1
e 21 27 1
e 21 28 1
e 21 29 1
e 21 30 1
e 22 23 1
e 22 24 1
e 22 25 1
e 22 26 1
e 22 27 1
e 22 28 1
e 22 29 1
e 22 30 1
e 23 25 1
e 23 26 1
e 23 29 1
e 23 30 1
e 24 25 1
e 24 26 1
e 24 27 1
e 24 28 1
e 24 29 1
e 25 26 1
e 25 28 1
e 25 29 1
e 25 30 1
e 26 28 1
e 26 29 1
e 26 30 1
e 27 28 1
e 27 29 1
e 28 29 1
e 29 30 1
