c solution = 29
p edge 50 853
e 1 2 1
e 1 3 1
e 1 5 1
e 1 6 1
e 1 8 1
e 1 9 1
e 1 10 1
e 1 11 1
e 1 13 1
e 1 14 1
e 1 15 1
e 1 16 1
e 1 17 1
e 1 18 1
e 1 19 1
e 1 22 1
e 1 23 1
e 1 24 1
e 1 25 1
e 1 26 1
e 1 28 1
e 1 29 1
e 1 31 1
e 1 33 1
e 1 35 1
e 1 36 1
e 1 37 1
e 1 38 1
e 1 40 1
e 1 41 1
e 1 44 1
e 1 45 1
e 1 46 1
e 1 47 1
e 1 48 1
e 1 49 1
e 1 50 1
e 2 3 1
e 2 4 1
e 2 5 1
e 2 6 1
e 2 7 1
e 2 8 1
e 2 9 1
e 2 10 1
e 2 11 1
e 2 12 1
e 2 13 1
e 2 14 1
e 2 15 1
e 2 16 1
e 2 17 1
e 2 18 1
e 2 19 1
e 2 20 1
e 2 21 1
e 2 22 1
e 2 23 1
e 2 24 1
e 2 25 1
e 2 26 1
e 2 27 1
e 2 28 1
e 2 29 1
e 2 30 1
e 2 31 1
e 2 32 1
e 2 33 1
e 2 34 1
e 2 35 1
e 2 37 1
e 2 38 1
e 2 39 1
e 2 40 1
e 2 41 1
e 2 42 1
e 2 43 1
e 2 44 1
e 2 45 1
e 2 46 1
e 2 47 1
e 2 48 1
e 2 49 1
e 2 50 1
e 3 4 1
e 3 5 1
e 3 6 1
e 3 7 1
e 3 8 1
e 3 9 1
e 3 10 1
e 3 12 1
e 3 13 1
e 3 14 1
e 3 15 1
e 3 16 1
e 3 17 1
e 3 18 1
e 3 19 1
e 3 20 1
e 3 21 1
e 3 22 1
e 3 24 1
e 3 25 1
e 3 27 1
e 3 29 1
e 3 30 1
e 3 31 1
e 3 32 1
e 3 34 1
e 3 35 1
e 3 37 1
e 3 38 1
e 3 39 1
e 3 40 1
e 3 44 1
e 3 46 1
e 3 47 1
e 3 48 1
e 3 49 1
e 4 5 1
e 4 6 1
e 4 8 1
e 4 10 1
e 4 13 1
e 4 14 1
e 4 15 1
e 4 16 1
e 4 19 1
e 4 22 1
e 4 24 1
e 4 25 1
e 4 27 1
e 4 32 1
e 4 34 1
e 4 35 1
e 4 37 1
e 4 40 1
e 4 44 1
e 4 46 1
e 4 47 1
e 4 49 1
e 5 6 1
e 5 7 1
e 5 8 1
e 5 9 1
e 5 10 1
e 5 11 1
e 5 12 1
e 5 13 1
e 5 14 1
e 5 15 1
e 5 16 1
e 5 17 1
e 5 18 1
e 5 19 1
e 5 20 1
e 5 21 1
e 5 22 1
e 5 23 1
e 5 24 1
e 5 25 1
e 5 26 1
e 5 27 1
e 5 28 1
e 5 29 1
e 5 30 1
e 5 31 1
e 5 32 1
e 5 33 1
e 5 34 1
e 5 35 1
e 5 36 1
e 5 37 1
e 5 38 1
e 5 39 1
e 5 40 1
e 5 41 1
e 5 42 1
e 5 43 1
e 5 44 1
e 5 45 1
e 5 46 1
e 5 47 1
e 5 48 1
e 5 49 1
e 5 50 1
e 6 7 1
e 6 8 1
e 6 9 1
e 6 10 1
e 6 12 1
e 6 13 1
e 6 14 1
e 6 15 1
e 6 16 1
e 6 17 1
e 6 18 1
e 6 19 1
e 6 20 1
e 6 21 1
e 6 22 1
e 6 24 1
e 6 25 1
e 6 27 1
e 6 29 1
e 6 30 1
e 6 31 1
e 6 32 1
e 6 33 1
e 6 34 1
e 6 35 1
e 6 37 1
e 6 38 1
e 6 39 1
e 6 40 1
e 6 44 1
e 6 46 1
e 6 47 1
e 6 48 1
e 6 49 1
e 6 50 1
e 7 8 1
e 7 9 1
e 7 10 1
e 7 13 1
e 7 14 1
e 7 15 1
e 7 16 1
e 7 17 1
e 7 19 1
e 7 22 1
e 7 24 1
e 7 25 1
e 7 31 1
e 7 35 1
e 7 37 1
e 7 39 1
e 7 40 1
e 7 44 1
e 7 46 1
e 7 47 1
e 7 48 1
e 7 49 1
e 8 9 1
e 8 10 1
e 8 13 1
e 8 14 1
e 8 15 1
e 8 16 1
e 8 17 1
e 8 18 1
e 8 19 1
e 8 22 1
e 8 24 1
e 8 25 1
e 8 27 1
e 8 29 1
e 8 31 1
e 8 32 1
e 8 33 1
e 8 34 1
e 8 35 1
e 8 37 1
e 8 38 1
e 8 39 1
e 8 40 1
e 8 41 1
e 8 44 1
e 8 46 1
e 8 47 1
e 8 48 1
e 8 49 1
e 8 50 1
e 9 10 1
e 9 11 1
e 9 13 1
e 9 14 1
e 9 15 1
e 9 16 1
e 9 17 1
e 9 18 1
e 9 19 1
e 9 22 1
e 9 24 1
e 9 25 1
e 9 29 1
e 9 31 1
e 9 33 1
e 9 35 1
e 9 37 1
e 9 38 1
e 9 39 1
e 9 40 1
e 9 41 1
e 9 44 1
e 9 46 1
e 9 47 1
e 9 48 1
e 9 49 1
e 9 50 1
e 10 11 1
e 10 12 1
e 10 13 1
e 10 14 1
e 10 15 1
e 10 16 1
e 10 17 1
e 10 18 1
e 10 19 1
e 10 20 1
e 10 21 1
e 10 22 1
e 10 23 1
e 10 24 1
e 10 25 1
e 10 26 1
e 10 27 1
e 10 28 1
e 10 29 1
e 10 30 1
e 10 31 1
e 10 32 1
e 10 33 1
e 10 34 1
e 10 35 1
e 10 36 1
e 10 37 1
e 10 38 1
e 10 39 1
e 10 40 1
e 10 41 1
e 10 44 1
e 10 45 1
e 10 46 1
e 10 47 1
e 10 48 1
e 10 49 1
e 10 50 1
e 11 13 1
e 11 15 1
e 11 17 1
e 11 19 1
e 11 22 1
e 11 23 1
e 11 24 1
e 11 26 1
e 11 28 1
e 11 29 1
e 11 31 1
e 11 33 1
e 11 35 1
e 11 36 1
e 11 37 1
e 11 38 1
e 11 40 1
e 11 41 1
e 11 44 1
e 11 45 1
e 11 46 1
e 11 47 1
e 11 48 1
e 11 49 1
e 11 50 1
e 12 13 1
e 12 14 1
e 12 15 1
e 12 16 1
e 12 19 1
e 12 20 1
e 12 21 1
e 12 22 1
e 12 24 1
e 12 25 1
e 12 27 1
e 12 30 1
e 12 32 1
e 12 35 1
e 12 37 1
e 12 40 1
e 12 44 1
e 12 46 1
e 12 47 1
e 12 49 1
e 13 14 1
e 13 15 1
e 13 16 1
e 13 17 1
e 13 18 1
e 13 19 1
e 13 20 1
e 13 21 1
e 13 22 1
e 13 24 1
e 13 25 1
e 13 27 1
e 13 29 1
e 13 30 1
e 13 31 1
e 13 32 1
e 13 33 1
e 13 34 1
e 13 35 1
e 13 37 1
e 13 38 1
e 13 39 1
e 13 40 1
e 13 41 1
e 13 44 1
e 13 46 1
e 13 47 1
e 13 48 1
e 13 49 1
e 13 50 1
e 14 15 1
e 14 16 1
e 14 17 1
e 14 18 1
e 14 19 1
e 14 20 1
e 14 21 1
e 14 22 1
e 14 24 1
e 14 25 1
e 14 27 1
e 14 29 1
e 14 30 1
e 14 31 1
e 14 32 1
e 14 34 1
e 14 35 1
e 14 37 1
e 14 39 1
e 14 40 1
e 14 44 1
e 14 46 1
e 14 47 1
e 14 48 1
e 14 49 1
e 15 16 1
e 15 17 1
e 15 18 1
e 15 19 1
e 15 20 1
e 15 21 1
e 15 22 1
e 15 24 1
e 15 25 1
e 15 27 1
e 15 29 1
e 15 30 1
e 15 31 1
e 15 32 1
e 15 33 1
e 15 34 1
e 15 35 1
e 15 37 1
e 15 38 1
e 15 39 1
e 15 40 1
e 15 41 1
e 15 44 1
e 15 46 1
e 15 47 1
e 15 48 1
e 15 49 1
e 15 50 1
e 16 17 1
e 16 18 1
e 16 19 1
e 16 20 1
e 16 21 1
e 16 22 1
e 16 24 1
e 16 25 1
e 16 27 1
e 16 29 1
e 16 30 1
e 16 31 1
e 16 32 1
e 16 33 1
e 16 34 1
e 16 35 1
e 16 37 1
e 16 38 1
e 16 39 1
e 16 40 1
e 16 44 1
e 16 46 1
e 16 47 1
e 16 48 1
e 16 49 1
e 16 50 1
e 17 18 1
e 17 19 1
e 17 22 1
e 17 23 1
e 17 24 1
e 17 25 1
e 17 26 1
e 17 28 1
e 17 29 1
e 17 31 1
e 17 33 1
e 17 35 1
e 17 36 1
e 17 37 1
e 17 38 1
e 17 39 1
e 17 40 1
e 17 41 1
e 17 44 1
e 17 45 1
e 17 46 1
e 17 47 1
e 17 48 1
e 17 49 1
e 17 50 1
e 18 19 1
e 18 22 1
e 18 24 1
e 18 25 1
e 18 29 1
e 18 31 1
e 18 33 1
e 18 35 1
e 18 37 1
e 18 38 1
e 18 40 1
e 18 41 1
e 18 44 1
e 18 46 1
e 18 47 1
e 18 48 1
e 18 49 1
e 18 50 1
e 19 20 1
e 19 21 1
e 19 22 1
e 19 23 1
e 19 24 1
e 19 25 1
e 19 26 1
e 19 27 1
e 19 28 1
e 19 29 1
e 19 31 1
e 19 32 1
e 19 33 1
e 19 34 1
e 19 35 1
e 19 36 1
e 19 37 1
e 19 38 1
e 19 39 1
e 19 40 1
e 19 41 1
e 19 44 1
e 19 45 1
e 19 46 1
e 19 47 1
e 19 48 1
e 19 49 1
e 19 50 1
e 20 21 1
e 20 22 1
e 20 24 1
e 20 25 1
e 20 27 1
e 20 30 1
e 20 32 1
e 20 34 1
e 20 35 1
e 20 37 1
e 20 40 1
e 20 42 1
e 20 43 1
e 20 44 1
e 20 46 1
e 20 47 1
e 20 49 1
e 21 22 1
e 21 24 1
e 21 27 1
e 21 30 1
e 21 32 1
e 21 35 1
e 21 37 1
e 21 40 1
e 21 44 1
e 21 46 1
e 21 47 1
e 21 49 1
e 22 24 1
e 22 25 1
e 22 27 1
e 22 29 1
e 22 30 1
e 22 31 1
e 22 32 1
e 22 33 1
e 22 34 1
e 22 35 1
e 22 37 1
e 22 38 1
e 22 39 1
e 22 40 1
e 22 41 1
e 22 44 1
e 22 46 1
e 22 47 1
e 22 48 1
e 22 49 1
e 22 50 1
e 23 24 1
e 23 28 1
e 23 31 1
e 23 35 1
e 23 36 1
e 23 37 1
e 23 38 1
e 23 40 1
e 23 41 1
e 23 44 1
e 23 46 1
e 23 49 1
e 23 50 1
e 24 25 1
e 24 26 1
e 24 27 1
e 24 28 1
e 24 29 1
e 24 30 1
e 24 31 1
e 24 32 1
e 24 33 1
e 24 34 1
e 24 35 1
e 24 36 1
e 24 37 1
e 24 38 1
e 24 39 1
e 24 40 1
e 24 41 1
e 24 44 1
e 24 45 1
e 24 46 1
e 24 47 1
e 24 48 1
e 24 49 1
e 24 50 1
e 25 27 1
e 25 29 1
e 25 31 1
e 25 32 1
e 25 33 1
e 25 34 1
e 25 35 1
e 25 37 1
e 25 38 1
e 25 39 1
e 25 40 1
e 25 41 1
e 25 44 1
e 25 46 1
e 25 47 1
e 25 48 1
e 25 49 1
e 25 50 1
e 26 29 1
e 26 31 1
e 26 33 1
e 26 35 1
e 26 37 1
e 26 38 1
e 26 40 1
e 26 41 1
e 26 44 1
e 26 45 1
e 26 46 1
e 26 47 1
e 26 49 1
e 26 50 1
e 27 30 1
e 27 31 1
e 27 32 1
e 27 34 1
e 27 35 1
e 27 37 1
e 27 40 1
e 27 44 1
e 27 46 1
e 27 47 1
e 27 49 1
e 28 31 1
e 28 35 1
e 28 36 1
e 28 37 1
e 28 38 1
e 28 40 1
e 28 41 1
e 28 46 1
e 28 50 1
e 29 31 1
e 29 33 1
e 29 35 1
e 29 37 1
e 29 38 1
e 29 40 1
e 29 41 1
e 29 44 1
e 29 45 1
e 29 46 1
e 29 47 1
e 29 48 1
e 29 49 1
e 29 50 1
e 30 32 1
e 30 35 1
e 30 37 1
e 30 40 1
e 30 42 1
e 30 43 1
e 30 44 1
e 30 46 1
e 30 47 1
e 30 49 1
e 31 33 1
e 31 35 1
e 31 36 1
e 31 37 1
e 31 38 1
e 31 39 1
e 31 40 1
e 31 41 1
e 31 44 1
e 31 45 1
e 31 46 1
e 31 47 1
e 31 48 1
e 31 49 1
e 31 50 1
e 32 34 1
e 32 35 1
e 32 37 1
e 32 40 1
e 32 44 1
e 32 46 1
e 32 47 1
e 32 49 1
e 33 35 1
e 33 37 1
e 33 38 1
e 33 40 1
e 33 41 1
e 33 44 1
e 33 45 1
e 33 46 1
e 33 47 1
e 33 48 1
e 33 49 1
e 33 50 1
e 34 35 1
e 34 37 1
e 34 40 1
e 34 44 1
e 34 46 1
e 34 47 1
e 34 49 1
e 35 36 1
e 35 37 1
e 35 38 1
e 35 39 1
e 35 40 1
e 35 41 1
e 35 44 1
e 35 45 1
e 35 46 1
e 35 47 1
e 35 48 1
e 35 49 1
e 35 50 1
e 36 37 1
e 36 38 1
e 36 41 1
e 36 46 1
e 36 50 1
e 37 38 1
e 37 39 1
e 37 40 1
e 37 41 1
e 37 42 1
e 37 43 1
e 37 44 1
e 37 45 1
e 37 46 1
e 37 47 1
e 37 48 1
e 37 49 1
e 37 50 1
e 38 40 1
e 38 41 1
e 38 44 1
e 38 45 1
e 38 46 1
e 38 47 1
e 38 48 1
e 38 49 1
e 38 50 1
e 39 40 1
e 39 44 1
e 39 46 1
e 39 47 1
e 39 48 1
e 39 49 1
e 40 41 1
e 40 44 1
e 40 45 1
e 40 46 1
e 40 47 1
e 40 48 1
e 40 49 1
e 40 50 1
e 41 44 1
e 41 45 1
e 41 46 1
e 41 47 1
e 41 48 1
e 41 49 1
e 41 50 1
e 42 43 1
e 42 46 1
e 43 46 1
e 44 45 1
e 44 46 1
e 44 47 1
e 44 48 1
e 44 49 1
e 44 50 1
e 45 46 1
e 45 47 1
e 45 49 1
e 45 50 1
e 46 47 1
e 46 48 1
e 46 49 1
e 46 50 1
e 47 48 1
e 47 49 1
e 47 50 1
e 48 49 1
e 48 50 1
e 49 50 1
