c solution = 15
p edge 20 106
e 1 4 1
e 1 6 1
e 1 9 1
e 1 10 1
e 1 12 1
e 1 14 1
e 1 15 1
e 1 16 1
e 1 18 1
e 1 19 1
e 1 20 1
e 2 16 1
e 2 18 1
e 2 19 1
e 3 5 1
e 3 6 1
e 3 7 1
e 3 10 1
e 3 11 1
e 3 14 1
e 3 15 1
e 3 16 1
e 3 19 1
e 3 20 1
e 4 6 1
e 4 9 1
e 4 10 1
e 4 12 1
e 4 14 1
e 4 15 1
e 4 16 1
e 4 18 1
e 4 19 1
e 4 20 1
e 5 6 1
e 5 8 1
e 5 10 1
e 5 11 1
e 5 13 1
e 5 14 1
e 5 15 1
e 5 16 1
e 5 17 1
e 5 19 1
e 5 20 1
e 6 7 1
e 6 9 1
e 6 10 1
e 6 12 1
e 6 14 1
e 6 15 1
e 6 16 1
e 6 18 1
e 6 19 1
e 6 20 1
e 7 10 1
e 7 12 1
e 7 14 1
e 7 15 1
e 7 16 1
e 7 19 1
e 7 20 1
e 8 13 1
e 8 15 1
e 8 17 1
e 9 12 1
e 9 14 1
e 9 15 1
e 9 16 1
e 9 18 1
e 9 19 1
e 9 20 1
e 10 12 1
e 10 14 1
e 10 15 1
e 10 16 1
e 10 19 1
e 10 20 1
e 11 14 1
e 11 15 1
e 11 16 1
e 11 20 1
e 12 14 1
e 12 15 1
e 12 16 1
e 12 18 1
e 12 19 1
e 12 20 1
e 13 15 1
e 13 17 1
e 14 15 1
e 14 16 1
e 14 18 1
e 14 19 1
e 14 20 1
e 15 16 1
e 15 17 1
e 15 18 1
e 15 19 1
e 15 20 1
e 16 18 1
e 16 19 1
e 16 20 1
e 18 19 1
e 18 20 1
e 19 20 1
