c solution = 0
p edge 25 40
e   1    3    1
e   1    7    1
e   2    21   1
e   2    25   1
e   3    4    1
e   3    8    1
e   4    5    1
e   4    9    1
e   5    6    1
e   5    10   1
e   6    11   1
e   7    8    1
e   7    12   1
e   8    9    1
e   8    13   1
e   9    10   1
e   9    14   1
e   10   11   1
e   10   15   1
e   11   16   1
e   12   13   1
e   12   17   1
e   13   14   1
e   13   18   1
e   14   15   1
e   14   19   1
e   15   16   1
e   15   20   1
e   16   21   1
e   17   18   1
e   17   22   1
e   18   19   1
e   18   23   1
e   19   20   1
e   19   24   1
e   20   21   1
e   20   25   1
e   22   23   1
e   23   24   1
e   24   25   1
